0,0,0,0,112
1,1,1,0,22
51,0,0,0,117
52,1,1,0,15
101,0,0,0,112
101,1,1,0,11
151,0,0,0,112
151,1,1,0,8
202,0,0,0,117
201,1,1,0,5
252,0,0,1,111
251,1,1,0,0
302,0,0,1,113
301,1,1,0,6
350,0,0,0,113
350,1,1,0,5
402,0,0,0,110
402,1,1,0,0
452,0,0,0,117
451,1,1,0,4
500,0,0,0,92
501,1,1,0,0
551,0,0,0,97
552,1,1,0,0
600,0,0,0,101
600,1,1,0,0
651,0,0,0,107
652,1,1,0,7
700,0,0,0,106
702,1,1,0,10
750,0,0,0,113
751,1,1,0,8
802,0,0,0,114
802,1,1,0,7
850,0,0,0,113
852,1,1,0,9
901,0,0,0,117
901,1,1,0,1
952,0,0,0,119
950,1,1,0,3
1000,0,0,0,220
1050,0,0,0,217
1052,1,1,0,10
1101,0,0,0,221
1102,1,1,0,13
1150,0,0,0,222
1151,1,1,0,13
1202,0,0,0,225
1202,1,1,0,10
1252,0,0,0,222
1252,1,1,0,5
1302,0,0,0,219
1301,1,1,0,0
1352,0,0,0,218
1351,1,1,0,7
1400,0,0,0,225
1401,1,1,0,7
1452,0,0,0,218
1450,1,1,0,12
1501,0,0,0,239
1502,1,1,0,21
1551,0,0,0,245
1552,1,1,0,27
1600,0,0,0,250
1600,1,1,0,24
1651,0,0,0,257
1652,1,1,0,29
1700,0,0,0,254
1702,1,1,0,31
1752,0,0,0,258
1750,1,1,0,27
1802,0,0,0,250
1802,1,1,0,30
1851,0,0,0,250
1852,1,1,0,23
1900,0,0,0,257
1900,1,1,0,22
1950,0,0,0,250
1950,1,1,0,16
2001,0,1,0,239
2000,1,0,0,874
2051,0,1,0,238
2050,1,0,0,868
2100,0,1,0,237
2101,1,0,0,875
2152,0,1,0,244
2152,1,0,0,874
2200,0,1,0,245
2202,1,0,0,872
2251,0,1,0,237
2252,1,0,0,869
2300,0,1,0,233
2301,1,0,0,866
2351,0,1,0,239
2350,1,0,0,871
2400,0,1,0,232
2402,1,0,0,871
2450,0,1,0,226
2452,1,0,0,872
2501,0,1,0,245
2500,1,0,0,897
2552,0,1,0,242
2550,1,0,0,904
2602,0,1,0,245
2600,1,0,0,904
2650,0,1,0,247
2651,1,0,0,908
2700,0,1,0,245
2700,1,0,0,902
2752,0,1,0,244
2750,1,0,0,907
2801,0,1,0,250
2801,1,0,0,904
2852,0,1,0,253
2852,1,0,0,901
2901,0,1,0,247
2901,1,0,0,898
2952,0,1,0,248
2950,1,0,0,902
3002,0,1,0,164
3001,1,0,0,812
3051,0,1,0,166
3052,1,0,0,804
3102,0,1,0,162
3100,1,0,0,798
3152,0,1,0,157
3151,1,0,0,797
3200,0,1,0,155
3201,1,0,0,799
3250,0,1,0,158
3250,1,0,0,803
3302,0,1,0,163
3301,1,0,0,797
3351,0,1,0,166
3352,1,0,0,795
3401,0,1,0,161
3402,1,0,0,787
3452,0,1,0,165
3450,1,0,0,787
3500,0,1,0,169
3500,1,0,0,799
3552,0,1,0,174
3550,1,0,0,801
3600,0,1,0,181
3602,1,0,0,804
3651,0,1,0,177
3651,1,0,0,798
3700,0,1,0,171
3701,1,0,0,800
3752,0,1,0,177
3751,1,0,0,805
3802,0,1,0,177
3800,1,0,0,809
3851,0,1,0,178
3851,1,0,0,815
3901,0,1,0,174
3902,1,0,0,810
3952,0,1,0,172
3951,1,0,0,815
4002,0,0,0,21
4052,0,0,0,23
4051,1,1,0,308
4100,0,0,0,26
4101,1,1,0,301
4151,0,0,0,25
4151,1,1,0,294
4200,0,0,0,25
4201,1,1,0,300
4252,0,0,0,31
4250,1,1,0,303
4300,0,0,0,23
4302,1,1,0,308
4351,0,0,0,21
4402,0,0,0,26
4400,1,1,0,307
4450,0,0,0,33
4451,1,1,0,306
4501,0,0,0,33
4501,1,1,0,297
4552,0,0,0,35
4552,1,1,0,289
4600,0,0,0,37
4600,1,1,0,288
4652,0,0,0,43
4652,1,1,0,295
4702,0,0,0,45
4702,1,1,0,301
4752,0,0,0,43
4752,1,1,0,302
4802,0,0,0,41
4802,1,1,0,308
4851,0,0,0,33
4850,1,1,0,302
4902,0,0,0,35
4900,1,1,0,299
4952,0,0,0,28
4951,1,1,0,291
5002,0,0,0,117
5002,1,1,0,366
5052,0,0,0,120
5051,1,1,0,362
5100,0,0,0,121
5102,1,1,0,356
5152,0,0,0,119
5150,1,1,0,353
5202,0,0,0,119
5202,1,1,0,358
5252,0,0,0,117
5251,1,1,0,357
5300,0,0,0,113
5302,1,1,0,352
5352,0,0,0,113
5350,1,1,0,353
5402,0,0,0,115
5402,1,1,0,353
5450,0,0,0,108
5450,1,1,0,354
5500,0,0,0,125
5500,1,1,0,368
5551,0,0,0,125
5550,1,1,0,361
5600,0,0,0,122
5602,1,1,0,357
5650,0,0,0,116
5651,1,1,0,363
5700,0,0,0,116
5700,1,1,0,369
5751,0,0,0,113
5752,1,1,0,371
5800,0,0,0,107
5801,1,1,0,369
5852,0,0,0,106
5851,1,1,0,362
5902,0,0,0,103
5902,1,1,0,369
5951,0,0,0,103
5950,1,1,0,367
6002,0,1,0,755
6001,1,0,0,360
6050,0,1,0,755
6052,1,0,0,353
6100,0,1,0,756
6101,1,0,0,349
6152,0,1,0,754
6152,1,0,0,355
6200,0,1,0,751
6200,1,0,0,359
6252,0,1,0,749
6250,1,0,0,359
6301,0,1,0,750
6301,1,0,0,364
6350,0,1,0,752
6351,1,0,0,366
6402,0,1,0,755
6401,1,0,0,359
6452,0,1,0,749
6452,1,0,0,364
6500,0,1,0,758
6502,1,0,0,375
6550,0,1,0,760
6552,1,0,0,374
6602,0,1,0,753
6601,1,0,0,371
6650,0,1,0,755
6650,1,0,0,367
6700,0,1,0,758
6701,1,0,0,364
6751,0,1,0,754
6751,1,0,0,356
6800,0,1,0,760
6800,1,0,0,355
6850,0,1,0,754
6852,1,0,0,355
6900,0,1,0,759
6900,1,0,0,348
6952,0,1,0,757
6952,1,0,0,352
7000,0,1,0,788
7000,1,0,0,385
7051,0,1,0,786
7050,1,0,0,379
7101,0,1,0,788
7101,1,0,0,381
7150,0,1,0,781
7151,1,0,0,388
7201,0,1,0,783
7202,1,0,0,393
7252,0,1,0,782
7251,1,0,0,390
7301,0,1,0,780
7302,1,0,0,385
7352,0,1,0,783
7350,1,0,0,387
7400,0,1,0,780
7401,1,0,0,389
7450,0,1,0,778
7452,1,0,0,389
7500,0,1,0,788
7500,1,0,0,399
7552,0,1,0,780
7551,1,0,0,401
7602,0,1,0,783
7600,1,0,0,405
7652,0,1,0,778
7650,1,0,0,399
7702,0,1,0,779
7702,1,0,0,405
7751,0,1,0,771
7750,1,0,0,406
7800,0,1,0,767
7802,1,0,0,405
7850,0,1,0,774
7851,1,0,0,398
7900,0,1,0,769
7901,1,0,0,396
7951,0,1,0,772
7951,1,0,0,400
8000,0,0,0,888
8002,0,1,0,791
8000,1,1,0,67
8050,0,0,0,889
8051,0,1,0,792
8051,1,1,0,67
8101,0,0,0,892
8102,0,1,0,787
8101,1,1,0,64
8151,0,0,0,884
8153,0,1,0,781
8150,1,1,0,58
8202,0,0,0,884
8203,0,1,0,777
8202,1,1,0,57
8252,0,0,0,879
8252,0,1,0,771
8252,1,1,0,49
8302,0,0,0,875
8304,0,1,0,771
8301,1,1,0,54
8352,0,0,0,868
8354,0,1,0,769
8352,1,1,0,48
8401,0,0,0,875
8403,0,1,0,770
8401,1,1,0,42
8451,0,0,0,867
8451,0,1,0,773
8452,1,1,0,48
8500,0,0,0,879
8500,0,1,0,795
8502,1,1,0,63
8552,0,0,0,880
8552,0,1,0,794
8552,1,1,0,66
8602,0,0,0,886
8603,0,1,0,795
8600,1,1,0,65
8652,0,0,0,892
8652,0,1,0,800
8651,1,1,0,63
8702,0,0,0,886
8704,0,1,0,797
8701,1,1,0,65
8750,0,0,0,883
8750,0,1,0,796
8751,1,1,0,59
8800,0,0,0,888
8801,0,1,0,792
8801,1,1,0,56
8852,0,0,0,891
8853,0,1,0,785
8852,1,1,0,56
8902,0,0,0,891
8902,0,1,0,781
8901,1,1,0,50
8951,0,0,0,885
8951,0,1,0,777
8952,1,1,0,45
9001,0,0,0,946
9002,0,1,0,836
9000,1,1,0,108
9052,0,0,0,951
9052,0,1,0,837
9050,1,1,0,107
9102,0,0,0,957
9104,0,1,0,841
9101,1,1,0,103
9150,0,0,0,950
9151,0,1,0,845
9150,1,1,0,106
9202,0,0,0,956
9202,0,1,0,840
9201,1,1,0,99
9250,0,0,0,954
9251,0,1,0,847
9251,1,1,0,101
9301,0,0,0,961
9302,0,1,0,843
9352,0,0,0,953
9352,0,1,0,847
9400,0,0,0,948
9401,0,1,0,839
9400,1,1,0,95
9450,0,0,0,942
9452,0,1,0,843
9451,1,1,0,101
9500,0,0,0,947
9501,0,1,0,843
9500,1,1,0,99
9552,0,0,0,952
9552,0,1,0,846
9550,1,1,0,97
9602,0,0,0,953
9602,0,1,0,843
9601,1,1,0,93
9650,0,0,0,954
9652,0,1,0,846
9651,1,1,0,98
9702,0,0,0,947
9704,0,1,0,853
9702,1,1,0,92
9750,0,0,0,952
9752,0,1,0,858
9752,1,1,0,88
9800,0,0,0,956
9800,0,1,0,857
9801,1,1,0,82
9852,0,0,0,961
9854,0,1,0,858
9850,1,1,0,82
9901,0,0,0,955
9901,0,1,0,865
9901,1,1,0,85
9950,0,0,0,947
9952,0,1,0,862
9950,1,1,0,85
10002,0,1,0,748
10002,1,0,0,271
10003,1,1,0,955
10050,0,1,0,745
10050,1,0,0,271
10051,1,1,0,947
10101,0,1,0,744
10102,1,0,0,263
10104,1,1,0,941
10150,0,1,0,745
10152,1,0,0,257
10152,1,1,0,943
10201,0,1,0,740
10201,1,0,0,263
10201,1,1,0,941
10251,0,1,0,734
10250,1,0,0,259
10250,1,1,0,936
10301,0,1,0,741
10302,1,0,0,264
10302,1,1,0,939
10351,0,1,0,735
10350,1,0,0,258
10352,1,1,0,935
10400,0,1,0,739
10402,1,0,0,263
10404,1,1,0,929
10451,0,1,0,741
10450,1,0,0,259
10451,1,1,0,928
10500,0,1,0,719
10500,1,0,0,235
10500,1,1,0,911
10550,0,1,0,718
10552,1,0,0,240
10552,1,1,0,906
10601,0,1,0,723
10601,1,0,0,233
10603,1,1,0,899
10650,0,1,0,716
10651,1,0,0,229
10651,1,1,0,895
10700,0,1,0,714
10702,1,0,0,225
10704,1,1,0,889
10750,0,1,0,708
10751,1,0,0,224
10752,1,1,0,890
10800,0,1,0,714
10802,1,0,0,226
10804,1,1,0,887
10851,0,1,0,708
10850,1,0,0,223
10851,1,1,0,880
10901,0,1,0,700
10900,1,0,0,226
10900,1,1,0,874
10950,0,1,0,701
10952,1,0,0,228
10954,1,1,0,866
11002,0,1,0,620
11000,1,0,0,144
11002,1,1,0,778
11051,0,1,0,626
11050,1,0,0,144
11052,1,1,0,782
11100,0,1,0,620
11100,1,0,0,138
11102,1,1,0,784
11150,0,1,0,613
11151,1,0,0,145
11151,1,1,0,784
11201,0,1,0,609
11201,1,1,0,787
11252,0,1,0,610
11251,1,0,0,138
11253,1,1,0,783
11300,0,1,0,607
11301,1,0,0,138
11301,1,1,0,780
11350,0,1,0,611
11350,1,0,0,145
11351,1,1,0,784
11402,0,1,0,606
11401,1,0,0,137
11402,1,1,0,777
11451,0,1,0,605
11450,1,0,0,141
11452,1,1,0,780
11500,0,1,0,599
11502,1,0,0,144
11502,1,1,0,782
11552,0,1,0,594
11551,1,0,0,142
11552,1,1,0,784
11602,0,1,0,594
11601,1,0,0,149
11602,1,1,0,788
11650,0,1,0,601
11650,1,0,0,150
11652,1,1,0,791
11700,0,1,0,599
11700,1,0,0,154
11702,1,1,0,794
11751,0,1,0,604
11752,1,0,0,147
11754,1,1,0,798
11801,0,1,0,603
11800,1,0,0,142
11800,1,1,0,797
11852,0,1,0,603
11852,1,0,0,135
11854,1,1,0,802
11900,0,1,0,608
11901,1,0,0,141
11903,1,1,0,809
11950,0,1,0,600
11952,1,0,0,135
11952,1,1,0,814
12000,0,0,0,185
12002,1,1,0,399
12052,0,0,0,188
12050,1,1,0,395
12102,0,0,0,191
12100,1,1,0,392
12151,0,0,0,191
12150,1,1,0,385
12202,0,0,0,186
12201,1,1,0,380
12251,0,0,0,182
12250,1,1,0,374
12302,0,0,0,183
12301,1,1,0,381
12352,0,0,0,175
12401,0,0,0,173
12402,1,1,0,379
12452,0,0,0,175
12452,1,1,0,383
12502,0,0,0,171
12502,1,1,0,370
12551,0,0,0,165
12552,1,1,0,363
12602,0,0,0,159
12600,1,1,0,358
12650,0,0,0,158
12652,1,1,0,359
12701,0,0,0,162
12702,1,1,0,365
12752,0,0,0,154
12750,1,1,0,362
12801,0,0,0,157
12800,1,1,0,363
12851,0,0,0,157
12851,1,1,0,358
12902,0,0,0,159
12902,1,1,0,354
12951,0,0,0,151
12951,1,1,0,351
13000,0,0,0,252
13002,1,1,0,441
13050,0,0,0,253
13052,1,1,0,433
13102,0,0,0,257
13102,1,1,0,434
13150,0,0,0,263
13151,1,1,0,430
13200,0,0,0,267
13201,1,1,0,432
13250,0,0,0,265
13252,1,1,0,426
13300,0,0,0,260
13301,1,1,0,426
13350,0,0,0,258
13351,1,1,0,432
13400,0,0,0,262
13400,1,1,0,430
13452,0,0,0,255
13451,1,1,0,430
13500,0,0,0,273
13500,1,1,0,452
13550,0,0,0,268
13552,1,1,0,454
13600,0,0,0,274
13602,1,1,0,448
13650,0,0,0,269
13652,1,1,0,449
13702,0,0,0,271
13701,1,1,0,450
13752,0,0,0,277
13752,1,1,0,456
13800,0,0,0,282
13801,1,1,0,455
13850,0,0,0,286
13850,1,1,0,454
13902,0,0,0,286
13902,1,1,0,458
13950,0,0,0,284
13952,1,1,0,465
14001,0,0,0,164
14001,1,0,0,171
14050,0,0,0,163
14051,1,0,0,167
14102,0,0,0,169
14102,1,0,0,160
14152,0,0,0,173
14152,1,0,0,156
14200,0,0,0,175
14200,1,0,0,148
14250,0,0,0,169
14251,1,0,0,147
14302,0,0,0,165
14301,1,0,0,140
14351,0,0,0,158
14351,1,0,0,141
14402,0,0,0,157
14400,1,0,0,143
14451,0,0,0,163
14451,1,0,0,142
14502,0,0,0,168
14501,1,0,0,146
14550,0,0,0,170
14551,1,0,0,138
14600,0,0,0,176
14601,1,0,0,141
14652,0,0,0,173
14651,1,0,0,146
14701,0,0,0,175
14700,1,0,0,142
14752,0,0,0,173
14751,1,0,0,149
14802,0,0,0,167
14800,1,0,0,149
14852,0,0,0,168
14852,1,0,0,150
14901,0,0,0,160
14902,1,0,0,144
14951,0,0,0,159
14950,1,0,0,139
15002,0,0,0,203
15002,1,0,0,184
15050,0,0,0,196
15051,1,0,0,183
15102,0,0,0,202
15102,1,0,0,180
15151,0,0,0,197
15151,1,0,0,187
15200,0,0,0,198
15200,1,0,0,186
15251,0,0,0,199
15251,1,0,0,188
15302,0,0,0,191
15300,1,0,0,192
15351,0,0,0,198
15351,1,0,0,193
15401,0,0,0,193
15400,1,0,0,199
15452,0,0,0,194
15450,1,0,0,198
15501,0,0,0,221
15502,1,0,0,216
15550,0,0,0,222
15552,1,0,0,213
15600,0,0,0,217
15600,1,0,0,217
15650,0,0,0,210
15652,1,0,0,221
15700,0,0,0,204
15702,1,0,0,217
15752,0,0,0,198
15752,1,0,0,221
15802,0,0,0,192
15801,1,0,0,220
15850,0,0,0,194
15850,1,0,0,218
15900,0,0,0,198
15901,1,0,0,210
15952,0,0,0,202
15952,1,0,0,206
16000,0,1,0,685
16001,1,1,0,875
16052,0,1,0,685
16051,1,1,0,882
16101,0,1,0,684
16150,0,1,0,681
16152,1,1,0,880
16200,0,1,0,676
16202,1,1,0,882
16250,0,1,0,672
16252,1,1,0,887
16302,0,1,0,672
16300,1,1,0,885
16350,0,1,0,669
16351,1,1,0,878
16401,0,1,0,674
16401,1,1,0,871
16450,0,1,0,668
16451,1,1,0,876
16502,0,1,0,695
16502,1,1,0,891
16551,0,1,0,690
16550,1,1,0,897
16602,0,1,0,692
16602,1,1,0,897
16650,0,1,0,687
16650,1,1,0,895
16701,0,1,0,679
16701,1,1,0,902
16752,0,1,0,676
16751,1,1,0,895
16801,0,1,0,676
16801,1,1,0,898
16850,0,1,0,669
16852,1,1,0,891
16900,0,1,0,663
16902,1,1,0,887
16950,0,1,0,659
16951,1,1,0,885
17000,0,1,0,567
17002,1,1,0,790
17051,0,1,0,561
17051,1,1,0,782
17101,0,1,0,553
17101,1,1,0,782
17151,0,1,0,557
17150,1,1,0,784
17202,0,1,0,564
17201,1,1,0,779
17252,0,1,0,566
17251,1,1,0,777
17301,0,1,0,560
17300,1,1,0,776
17351,0,1,0,560
17350,1,1,0,779
17402,0,1,0,555
17401,1,1,0,778
17450,0,1,0,561
17450,1,1,0,778
17500,0,1,0,555
17501,1,1,0,767
17551,0,1,0,558
17552,1,1,0,771
17601,0,1,0,564
17601,1,1,0,768
17651,0,1,0,564
17651,1,1,0,760
17700,0,1,0,565
17702,1,1,0,752
17751,0,1,0,558
17752,1,1,0,750
17801,0,1,0,561
17800,1,1,0,756
17851,1,1,0,756
17900,0,1,0,561
17902,1,1,0,753
17950,0,1,0,554
17952,1,1,0,756
18002,0,0,0,720
18001,1,0,0,55
18052,0,0,0,715
18050,1,0,0,48
18100,0,0,0,722
18100,1,0,0,46
18151,0,0,0,715
18150,1,0,0,48
18202,0,0,0,721
18200,1,0,0,53
18250,0,0,0,717
18251,1,0,0,52
18300,0,0,0,709
18301,1,0,0,50
18350,0,0,0,711
18351,1,0,0,49
18401,0,0,0,718
18401,1,0,0,55
18452,0,0,0,715
18451,1,0,0,52
18500,0,0,0,738
18502,1,0,0,79
18552,0,0,0,744
18550,1,0,0,84
18602,0,0,0,747
18600,1,0,0,79
18651,0,0,0,746
18652,1,0,0,86
18702,0,0,0,740
18700,1,0,0,89
18750,0,0,0,736
18752,1,0,0,94
18800,0,0,0,733
18802,1,0,0,99
18851,0,0,0,725
18851,1,0,0,97
18901,0,0,0,730
18900,1,0,0,97
18950,0,0,0,736
18950,1,0,0,99
19001,0,0,0,666
19002,1,0,0,30
19051,0,0,0,669
19052,1,0,0,26
19100,0,0,0,675
19101,1,0,0,22
19151,0,0,0,677
19151,1,0,0,26
19200,0,0,0,682
19202,1,0,0,32
19252,0,0,0,686
19252,1,0,0,34
19301,0,0,0,684
19301,1,0,0,40
19351,0,0,0,681
19351,1,0,0,46
19400,0,0,0,679
19400,1,0,0,38
19451,0,0,0,679
19451,1,0,0,38
19502,0,0,0,665
19502,1,0,0,20
19550,0,0,0,662
19550,1,0,0,16
19602,0,0,0,660
19601,1,0,0,18
19650,0,0,0,664
19651,1,0,0,12
19700,0,0,0,667
19701,1,0,0,8
19750,0,0,0,672
19751,1,0,0,13
19800,0,0,0,679
19802,1,0,0,10
19852,0,0,0,676
19852,1,0,0,4
19902,0,0,0,677
19902,1,0,0,0
19950,0,0,0,669
19950,1,0,0,3
20000,0,0,0,234
20001,0,1,0,641
20000,1,1,0,827
20050,0,0,0,234
20050,0,1,0,647
20052,1,1,0,833
20100,0,0,0,231
20102,0,1,0,639
20101,1,1,0,833
20152,0,0,0,231
20153,0,1,0,640
20151,1,1,0,831
20202,0,0,0,223
20202,0,1,0,641
20201,1,1,0,832
20252,0,0,0,218
20254,0,1,0,645
20250,1,1,0,824
20302,0,0,0,220
20303,0,1,0,646
20302,1,1,0,823
20351,0,0,0,222
20351,0,1,0,642
20350,1,1,0,815
20402,0,0,0,219
20403,0,1,0,641
20400,1,1,0,822
20451,0,0,0,211
20453,0,1,0,643
20452,1,1,0,827
20502,0,0,0,190
20503,0,1,0,618
20502,1,1,0,805
20550,0,0,0,191
20551,0,1,0,620
20551,1,1,0,800
20600,0,0,0,195
20600,0,1,0,620
20601,1,1,0,799
20650,0,0,0,192
20651,0,1,0,623
20651,1,1,0,795
20701,0,0,0,185
20703,0,1,0,629
20702,1,1,0,794
20750,0,0,0,179
20750,0,1,0,629
20752,1,1,0,794
20802,0,0,0,174
20804,0,1,0,622
20801,1,1,0,798
20852,0,0,0,172
20852,0,1,0,616
20850,1,1,0,805
20900,0,0,0,171
20900,0,1,0,615
20901,1,1,0,797
20951,0,0,0,178
20953,0,1,0,609
20951,1,1,0,803
21002,0,0,0,156
21002,0,1,0,577
21000,1,1,0,770
21051,0,0,0,149
21052,0,1,0,580
21052,1,1,0,771
21102,0,0,0,146
21104,0,1,0,576
21102,1,1,0,763
21151,0,0,0,151
21152,0,1,0,582
21152,1,1,0,764
21200,0,0,0,145
21201,0,1,0,579
21201,1,1,1,760
21250,0,0,0,142
21250,0,1,0,576
21250,1,1,0,757
21300,0,0,0,148
21302,0,1,0,571
21301,1,1,0,755
21350,0,0,0,150
21350,0,1,0,570
21352,1,1,0,762
21400,0,0,0,147
21401,0,1,0,577
21402,1,1,0,763
21451,0,0,0,148
21451,0,1,0,578
21451,1,1,0,756
21502,0,0,0,155
21503,0,1,0,582
21501,1,1,0,749
21552,0,0,0,160
21554,0,1,0,575
21551,1,1,0,745
21600,0,0,0,165
21601,0,1,0,578
21600,1,1,0,742
21650,0,0,0,165
21652,0,1,0,585
21652,1,1,0,749
21700,0,0,0,166
21702,0,1,0,580
21700,1,1,0,752
21750,0,0,0,161
21751,0,1,0,578
21750,1,1,0,745
21801,0,0,0,161
21803,0,1,0,583
21802,1,1,0,738
21851,0,0,0,166
21851,0,1,0,575
21851,1,1,0,733
21902,0,0,0,173
21904,0,1,0,579
21901,1,1,0,739
21950,0,0,0,167
21950,1,1,0,742
22002,0,0,0,971
22000,1,0,0,99
22050,0,0,0,977
22051,1,0,0,104
22101,0,0,0,975
22101,1,0,0,111
22152,0,0,0,972
22152,1,0,0,117
22200,0,0,0,966
22200,1,0,0,122
22251,0,0,0,960
22251,1,0,0,124
22302,0,0,0,959
22300,1,0,0,117
22352,0,0,0,961
22351,1,0,0,109
22401,0,0,0,953
22400,1,0,0,116
22452,0,0,0,954
22451,1,0,0,110
22501,0,0,0,958
22501,1,0,0,110
22551,0,0,0,950
22551,1,0,0,105
22601,0,0,0,957
22602,1,0,0,99
22650,0,0,0,952
22651,1,0,0,103
22701,0,0,0,949
22702,1,0,0,108
22750,0,0,0,953
22750,1,0,0,115
22802,0,0,0,954
22800,1,0,0,108
22851,0,0,0,949
22852,1,0,0,104
22902,0,0,0,944
22902,1,0,0,107
22952,0,0,0,949
22952,1,0,0,109
23002,0,0,0,1043
23002,1,0,0,198
23050,0,0,0,1040
23050,1,0,0,200
23100,0,0,0,1036
23101,1,0,0,205
23152,0,0,0,1032
23150,1,0,0,201
23201,0,0,0,1028
23200,1,0,0,208
23252,0,0,0,1033
23301,0,0,0,1029
23302,1,0,0,212
23351,0,0,0,1030
23351,1,0,0,216
23400,0,0,0,1026
23400,1,0,0,212
23451,0,0,0,1020
23451,1,0,0,208
23500,0,0,0,1032
23501,1,0,0,223
23551,0,0,0,1026
23552,1,0,0,219
23600,0,0,0,1031
23601,1,0,0,225
23650,0,0,0,1032
23651,1,0,0,227
23701,0,0,0,1036
23700,1,0,0,222
23752,0,0,0,1036
23752,1,0,0,226
23801,0,0,0,1036
23801,1,0,0,227
23850,0,0,0,1033
23852,1,0,0,232
23901,0,0,0,1031
23902,1,0,0,230
23951,0,0,0,1035
23950,1,0,0,235
24001,0,1,0,673
24000,1,1,0,950
24050,0,1,0,672
24052,1,1,0,949
24101,0,1,0,666
24100,1,1,0,954
24150,0,1,0,671
24150,1,1,0,953
24201,0,1,0,677
24201,1,1,0,956
24251,0,1,0,676
24250,1,1,0,956
24301,0,1,0,670
24300,1,1,0,957
24352,0,1,0,676
24352,1,1,0,952
24401,0,1,0,679
24400,1,1,0,946
24450,0,1,0,674
24450,1,1,0,939
24502,0,1,0,653
24502,1,1,0,923
24552,0,1,0,651
24551,1,1,0,926
24602,0,1,0,651
24601,1,1,0,923
24651,0,1,0,651
24651,1,1,0,917
24702,0,1,0,656
24701,1,1,0,917
24752,0,1,0,661
24751,1,1,0,910
24802,0,1,0,661
24800,1,1,0,905
24852,0,1,0,655
24850,1,1,0,912
24902,0,1,0,658
24901,1,1,0,909
24950,0,1,0,657
24950,1,1,0,916
25000,0,1,0,694
25002,1,1,0,953
25050,0,1,0,700
25052,1,1,0,958
25101,0,1,0,698
25101,1,1,0,961
25151,0,1,0,691
25150,1,1,0,961
25201,0,1,0,690
25200,1,1,0,953
25251,0,1,0,690
25251,1,1,0,960
25302,0,1,0,689
25301,1,1,0,966
25351,0,1,0,683
25400,1,1,0,966
25450,0,1,0,686
25450,1,1,0,961
25501,0,1,0,680
25500,1,1,0,954
25551,0,1,0,675
25550,1,1,0,950
25600,0,1,0,680
25602,1,1,0,956
25652,0,1,0,684
25650,1,1,0,954
25702,0,1,0,678
25702,1,1,0,958
25751,0,1,0,673
25752,1,1,0,965
25802,0,1,0,665
25802,1,1,0,963
25852,0,1,0,668
25850,1,1,0,967
25902,0,1,0,670
25901,1,1,0,973
25952,0,1,0,668
25950,1,1,0,968
26000,0,0,0,993
26002,1,1,0,302
26051,0,0,0,987
26051,1,1,0,305
26102,0,0,0,981
26100,1,1,0,305
26151,0,0,0,975
26152,1,1,0,302
26202,0,0,0,980
26201,1,1,0,294
26252,0,0,0,987
26251,1,1,0,287
26302,0,0,0,994
26302,1,1,0,282
26351,0,0,0,992
26350,1,1,0,275
26402,0,0,0,996
26401,1,1,0,273
26450,0,0,0,995
26451,1,1,0,271
26502,0,0,0,1004
26501,1,1,0,288
26551,0,0,0,1009
26550,1,1,0,292
26600,0,0,0,1015
26650,0,0,0,1008
26652,1,1,0,287
26700,0,0,0,1006
26700,1,1,0,279
26751,0,0,0,1002
26750,1,1,0,274
26802,0,0,0,1007
26800,1,1,0,270
26852,0,0,0,1008
26850,1,1,0,274
26900,0,0,0,1010
26901,1,1,0,276
26952,0,0,0,1004
26952,1,1,0,268
27002,0,0,0,1075
27000,1,1,0,341
27052,0,0,0,1079
27050,1,1,0,341
27100,0,0,0,1071
27100,1,1,0,337
27151,0,0,0,1072
27151,1,1,0,329
27202,0,0,0,1076
27202,1,1,0,325
27251,0,0,0,1080
27251,1,1,0,318
27300,0,0,0,1087
27300,1,1,0,320
27351,0,0,0,1081
27352,1,1,0,313
27401,0,0,0,1084
27402,1,1,0,315
27451,0,0,0,1088
27450,1,1,0,317
27500,0,0,0,1066
27502,1,1,0,303
27551,0,0,0,1062
27551,1,1,0,308
27600,0,0,0,1063
27651,0,0,0,1069
27651,1,1,0,314
27701,0,0,0,1076
27702,1,1,0,310
27751,0,0,0,1072
27752,1,1,0,304
27801,0,0,0,1076
27802,1,1,0,306
27851,0,0,0,1072
27852,1,1,0,313
27902,0,0,0,1078
27901,1,1,0,307
27952,0,0,0,1078
27950,1,1,0,314
28000,0,0,0,520
28001,1,0,0,755
28050,0,0,0,521
28051,1,0,0,748
28100,0,0,0,524
28101,1,0,0,752
28152,0,0,0,526
28150,1,0,0,748
28200,0,0,0,531
28201,1,0,0,755
28252,0,0,0,523
28251,1,0,0,753
28301,0,0,0,516
28302,1,0,0,754
28350,0,0,0,515
28351,1,0,0,760
28402,0,0,0,510
28402,1,0,0,763
28452,0,0,0,505
28450,1,0,0,766
28500,0,0,0,513
28500,1,0,0,766
28551,0,0,0,513
28550,1,0,0,770
28602,0,0,0,506
28602,1,0,0,770
28652,0,0,0,512
28652,1,0,0,762
28700,0,0,0,517
28701,1,0,0,760
28752,0,0,0,520
28751,1,0,0,755
28801,0,0,0,518
28802,1,0,0,758
28851,0,0,0,522
28851,1,0,0,754
28900,0,0,0,518
28901,1,0,0,755
28952,0,0,0,519
28950,1,0,0,747
29000,0,0,0,488
29001,1,0,0,710
29050,0,0,0,491
29051,1,0,0,709
29102,0,0,0,494
29101,1,0,0,713
29152,0,0,0,491
29152,1,0,0,714
29200,0,0,0,492
29201,1,0,0,707
29252,0,0,0,484
29250,1,0,0,702
29300,0,0,0,480
29302,1,0,0,696
29350,0,0,0,484
29350,1,0,0,692
29400,0,0,0,476
29400,1,0,0,699
29452,0,0,0,477
29452,1,0,0,696
29501,0,0,0,495
29500,1,0,0,716
29552,0,0,0,498
29550,1,0,0,722
29601,0,0,0,504
29601,1,0,0,721
29651,0,0,0,504
29651,1,0,0,717
29700,0,0,0,508
29701,1,0,0,716
29750,0,0,0,502
29750,1,0,0,721
29800,0,0,0,503
29801,1,0,0,724
29852,0,0,0,499
29850,1,0,0,729
29901,0,0,0,501
29901,1,0,0,728
29950,0,0,0,499
29950,1,0,0,722
34000,0,1,0,470
34000,1,0,0,893
34052,0,1,0,469
34051,1,0,0,898
34101,0,1,0,463
34101,1,0,0,904
34151,0,1,0,461
34152,1,0,0,911
34201,0,1,0,462
34201,1,0,0,912
34250,0,1,0,459
34252,1,0,0,917
34302,0,1,0,464
34300,1,0,0,914
34350,0,1,0,461
34352,1,0,0,908
34400,0,1,0,454
34401,1,0,0,906
34450,0,1,0,456
34452,1,0,0,898
34502,0,1,0,433
34500,1,0,0,878
34550,0,1,0,429
34551,1,0,0,871
34601,0,1,0,423
34601,1,0,0,878
34652,0,1,0,429
34650,1,0,0,874
34702,0,1,0,428
34700,1,0,0,876
34750,0,1,0,426
34750,1,0,0,880
34801,0,1,0,431
34800,1,0,0,887
34850,0,1,0,433
34851,1,0,0,884
34900,0,1,0,440
34900,1,0,0,880
34951,0,1,0,441
34951,1,0,0,887
35001,0,1,0,520
35002,1,0,0,967
35052,0,1,0,520
35050,1,0,0,970
35100,0,1,0,512
35100,1,0,0,973
35152,0,1,0,509
35151,1,0,0,975
35202,0,1,0,511
35202,1,0,0,974
35250,0,1,0,507
35250,1,0,0,979
35302,0,1,0,506
35302,1,0,0,984
35352,0,1,0,503
35351,1,0,0,987
35402,0,1,0,508
35401,1,0,0,981
35452,0,1,0,508
35450,1,0,0,980
35501,0,1,0,525
35502,1,0,0,998
35550,0,1,0,518
35551,1,0,0,995
35600,0,1,0,511
35602,1,0,0,994
35651,0,1,0,515
35650,1,0,0,992
35700,0,1,0,508
35701,1,0,0,990
35750,0,1,0,505
35752,1,0,0,982
35802,0,1,0,508
35800,1,0,0,976
35850,0,1,0,505
35850,1,0,0,983
35900,0,1,0,501
35902,1,0,0,981
35952,0,1,0,497
35951,1,0,0,978
36000,0,0,0,332
36000,0,1,0,58
36001,1,0,0,535
36051,0,0,0,324
36053,0,1,0,56
36052,1,0,0,539
36100,0,0,0,323
36102,0,1,0,63
36101,1,0,0,535
36150,0,0,0,317
36152,0,1,0,60
36150,1,0,0,537
36201,0,0,0,322
36202,0,1,0,62
36201,1,0,0,544
36251,0,0,0,319
36252,0,1,0,56
36252,1,0,0,542
36300,0,0,0,319
36301,0,1,0,59
36300,1,0,0,546
36352,0,0,0,313
36354,0,1,0,54
36350,1,0,0,543
36401,0,0,0,320
36403,0,1,0,55
36400,1,0,0,541
36452,0,1,0,48
36452,1,0,0,547
36500,0,0,0,313
36502,0,1,0,41
36500,1,0,0,532
36552,0,0,0,312
36553,0,1,0,36
36551,1,0,0,524
36602,0,0,0,308
36604,0,1,0,39
36602,1,0,0,523
36652,0,0,0,302
36654,0,1,0,45
36650,1,0,0,528
36701,0,0,0,303
36702,0,1,0,51
36701,1,0,0,529
36751,0,0,0,300
36751,0,1,0,53
36750,1,0,0,526
36801,0,0,0,304
36802,0,1,0,58
36801,1,0,0,524
36852,0,0,0,307
36853,0,1,0,65
36850,1,0,0,524
36900,0,0,0,309
36902,0,1,0,68
36902,1,0,0,516
36951,0,0,0,310
36951,0,1,0,72
36952,1,0,0,514
37002,0,0,0,391
37004,0,1,0,156
37050,0,0,0,386
37050,0,1,0,160
37051,1,0,0,509
37100,0,0,0,393
37101,0,1,0,165
37101,1,0,0,501
37151,0,0,0,391
37153,0,1,0,163
37151,1,0,0,501
37201,0,0,0,383
37203,0,1,0,170
37200,1,0,0,500
37250,0,0,0,387
37251,0,1,0,167
37252,1,0,0,500
37301,0,0,0,381
37301,0,1,0,173
37302,1,0,0,501
37352,0,0,0,380
37352,0,1,0,176
37352,1,0,0,508
37400,0,0,0,380
37402,0,1,0,182
37401,1,0,0,511
37450,0,0,0,379
37452,0,1,0,181
37451,1,0,0,510
37500,0,0,0,387
37500,1,0,0,513
37551,0,0,0,380
37553,0,1,0,178
37552,1,0,0,512
37601,0,0,0,376
37602,0,1,0,171
37600,1,0,0,513
37651,0,0,0,374
37651,0,1,0,178
37652,1,0,0,514
37700,0,0,0,371
37702,0,1,0,184
37702,1,0,0,521
37751,0,0,0,374
37751,1,0,0,521
37802,0,0,0,369
37804,0,1,0,181
37800,1,0,0,527
37850,0,0,0,368
37850,0,1,0,178
37851,1,0,0,522
37900,0,0,0,363
37900,0,1,0,174
37900,1,0,0,526
37950,0,0,0,357
37952,0,1,0,167
37951,1,0,0,521
38002,0,0,0,500
38001,1,1,0,236
38052,0,0,0,498
38051,1,1,0,232
38100,0,0,0,490
38101,1,1,0,235
38151,0,0,0,484
38150,1,1,0,235
38200,0,0,0,476
38202,1,1,0,240
38252,0,0,0,479
38251,1,1,0,239
38300,0,0,0,485
38302,1,1,0,236
38351,0,0,0,487
38352,1,1,0,240
38401,0,0,0,494
38401,1,1,0,246
38450,0,0,0,498
38450,1,1,0,249
38500,0,0,0,511
38502,1,1,0,251
38552,0,0,0,506
38551,1,1,0,255
38602,0,0,0,502
38602,1,1,0,249
38650,0,0,0,497
38650,1,1,0,241
38701,0,0,0,497
38700,1,1,0,234
38750,0,0,0,490
38751,1,1,0,235
38801,0,0,0,497
38802,1,1,0,236
38851,0,0,0,500
38850,1,1,0,228
38902,0,0,0,501
38901,1,1,0,228
38952,0,0,0,499
38952,1,1,0,221
39001,0,0,0,494
39001,1,1,0,211
39051,0,0,0,489
39051,1,1,0,212
39100,0,0,0,484
39100,1,1,0,219
39152,0,0,0,489
39152,1,1,0,224
39202,0,0,0,482
39200,1,1,0,216
39251,0,0,0,474
39252,1,1,0,217
39302,0,0,0,479
39302,1,1,0,217
39352,0,0,0,474
39352,1,1,0,217
39401,0,0,0,469
39402,1,1,0,212
39451,0,0,0,476
39450,1,1,0,209
39500,0,0,0,482
39501,1,1,0,217
39552,0,0,0,486
39551,1,1,0,211
39601,0,0,0,486
39600,1,1,0,209
39650,0,0,0,484
39651,1,1,0,201
39702,0,0,0,489
39700,1,1,0,197
39750,0,0,0,492
39752,1,1,0,201
39800,0,0,0,484
39800,1,1,0,206
39852,0,0,0,477
39852,1,1,0,211
39902,0,0,0,477
39901,1,1,0,209
39950,0,0,0,472
39952,1,1,0,215
40001,0,1,0,859
40000,1,0,0,432
40050,0,1,0,856
40052,1,0,0,437
40101,0,1,0,848
40100,1,0,0,444
40151,0,1,0,852
40150,1,0,0,439
40202,0,1,0,845
40200,1,0,0,438
40251,0,1,0,843
40250,1,0,0,444
40302,0,1,0,847
40300,1,0,0,448
40350,0,1,0,839
40350,1,0,0,446
40400,0,1,0,837
40402,1,0,0,443
40452,0,1,0,840
40450,1,0,0,437
40500,0,1,0,817
40501,1,0,0,419
40551,0,1,0,812
40552,1,0,0,423
40601,0,1,0,806
40601,1,0,0,429
40650,0,1,0,798
40652,1,0,0,421
40702,0,1,0,803
40701,1,0,0,421
40751,0,1,0,799
40751,1,0,0,414
40802,0,1,0,793
40802,1,0,0,409
40852,0,1,0,785
40851,1,0,0,410
40900,0,1,0,785
40901,1,0,0,415
40951,0,1,0,787
40950,1,0,0,411
41001,0,1,0,750
41002,1,0,0,373
41050,0,1,0,752
41051,1,0,0,371
41102,0,1,0,757
41102,1,0,0,375
41150,0,1,0,755
41201,0,1,0,752
41200,1,0,0,367
41251,0,1,0,750
41250,1,0,0,368
41301,0,1,0,744
41301,1,0,0,369
41352,0,1,0,751
41350,1,0,0,375
41401,0,1,0,748
41402,1,0,0,379
41451,0,1,0,754
41450,1,0,0,378
41500,0,1,0,775
41500,1,0,0,404
41550,0,1,0,777
41551,1,0,0,400
41602,0,1,0,771
41601,1,0,0,406
41652,0,1,0,764
41650,1,0,0,402
41702,0,1,0,771
41701,1,0,0,398
41751,0,1,0,771
41752,1,0,0,398
41801,0,1,0,768
41800,1,0,0,398
41851,0,1,0,775
41851,1,0,0,391
41900,0,1,0,779
41900,1,0,0,392
41951,0,1,0,772
41952,1,0,0,394
42001,0,0,0,414
42002,1,1,0,897
42050,0,0,0,410
42050,1,1,0,895
42102,0,0,0,407
42102,1,1,0,895
42152,0,0,0,402
42150,1,1,0,900
42200,0,0,0,402
42202,1,1,0,899
42251,0,0,0,399
42252,1,1,0,903
42300,0,0,0,397
42301,1,1,0,896
42352,0,0,0,399
42351,1,1,0,901
42400,0,0,0,400
42402,1,1,0,902
42452,0,0,0,396
42450,1,1,0,906
42500,0,0,0,403
42501,1,1,0,923
42550,0,0,0,407
42550,1,1,0,920
42600,0,0,0,407
42600,1,1,0,917
42650,0,0,0,409
42652,1,1,0,917
42701,0,0,0,413
42702,1,1,0,924
42750,0,0,0,418
42752,1,1,0,924
42802,0,0,0,424
42800,1,1,0,922
42850,0,0,0,430
42851,1,1,0,928
42900,0,0,0,423
42901,1,1,0,925
42950,0,0,0,430
42950,1,1,0,921
43002,0,0,0,341
43001,1,1,0,822
43050,0,0,0,346
43051,1,1,0,824
43102,0,0,0,350
43102,1,1,0,818
43150,0,0,0,350
43150,1,1,0,820
43200,0,0,0,357
43200,1,1,0,816
43252,0,0,0,349
43250,1,1,0,820
43302,0,0,0,346
43302,1,1,0,824
43350,0,0,0,340
43351,1,1,0,819
43400,0,0,0,334
43402,1,1,0,822
43451,0,0,0,329
43450,1,1,0,825
43502,0,0,0,347
43501,1,1,0,849
43552,0,0,0,351
43550,1,1,0,845
43600,0,0,0,350
43602,1,1,0,847
43651,0,0,0,344
43650,1,1,0,850
43702,0,0,0,342
43700,1,1,0,857
43751,0,0,0,343
43752,1,1,0,862
43800,0,0,0,336
43802,1,1,0,860
43850,0,0,0,338
43850,1,1,0,853
43902,0,0,0,336
43902,1,1,0,854
43952,0,0,0,340
43952,1,1,0,858
44002,0,1,0,498
44001,1,0,0,346
44051,0,1,0,503
44050,1,0,0,350
44102,0,1,0,497
44102,1,0,0,342
44150,0,1,0,498
44151,1,0,0,344
44202,0,1,0,493
44202,1,0,0,351
44252,0,1,0,497
44251,1,0,0,346
44300,0,1,0,500
44300,1,0,0,353
44352,0,1,0,500
44350,1,0,0,356
44400,0,1,0,501
44402,1,0,0,357
44451,0,1,0,502
44450,1,0,0,360
44501,0,1,0,497
44502,1,0,0,354
44550,0,1,0,501
44552,1,0,0,353
44600,0,1,0,506
44601,1,0,0,356
44652,0,1,0,498
44651,1,0,0,358
44702,0,1,0,493
44701,1,0,0,352
44750,0,1,0,497
44750,1,0,0,357
44800,0,1,0,503
44800,1,0,0,364
44851,0,1,0,509
44850,1,0,0,366
44902,0,1,0,505
44902,1,0,0,364
44951,0,1,0,505
44950,1,0,0,361
45002,0,1,0,587
45002,1,0,0,449
45052,0,1,0,582
45050,1,0,0,452
45101,0,1,0,580
45102,1,0,0,457
45151,0,1,0,580
45152,1,0,0,464
45202,0,1,0,579
45200,1,0,0,462
45250,0,1,0,585
45251,1,0,0,459
45301,0,1,0,588
45302,1,0,0,455
45351,0,1,0,588
45350,1,0,0,451
45400,0,1,0,580
45402,1,0,0,447
45452,0,1,0,573
45452,1,0,0,448
45501,0,1,0,567
45502,1,0,0,440
45552,0,1,0,568
45551,1,0,0,437
45601,0,1,0,560
45601,1,0,0,430
45652,0,1,0,566
45651,1,0,0,433
45700,0,1,0,569
45700,1,0,0,438
45750,0,1,0,562
45752,1,0,0,441
45802,0,1,0,556
45802,1,0,0,440
45852,0,1,0,557
45850,1,0,0,443
45901,0,1,0,549
45902,1,0,0,441
45952,0,1,0,541
45951,1,0,0,439
46000,0,0,0,730
46002,1,0,0,593
46003,1,1,0,142
46050,0,0,0,731
46050,1,0,0,595
46050,1,1,0,139
46101,0,0,0,736
46102,1,0,0,596
46104,1,1,0,144
46151,0,0,0,728
46150,1,0,0,590
46152,1,1,0,142
46202,0,0,0,722
46200,1,0,0,593
46200,1,1,0,139
46250,0,0,0,728
46250,1,0,0,593
46250,1,1,0,134
46300,0,0,0,726
46302,1,0,0,588
46303,1,1,0,136
46351,0,0,0,731
46351,1,0,0,583
46351,1,1,0,130
46401,0,0,0,723
46400,1,0,0,582
46401,1,1,0,133
46451,0,0,0,716
46450,1,0,0,580
46450,1,1,0,137
46500,0,0,0,712
46500,1,0,0,573
46502,1,1,0,134
46551,0,0,0,706
46552,1,0,0,572
46553,1,1,0,137
46602,0,0,0,713
46602,1,0,0,565
46604,1,1,0,136
46650,0,0,0,705
46650,1,0,0,566
46652,1,1,0,138
46700,0,0,0,712
46700,1,0,0,565
46701,1,1,0,137
46751,0,0,0,712
46752,1,0,0,565
46752,1,1,0,133
46800,0,0,0,713
46802,1,0,0,562
46803,1,1,0,132
46851,0,0,0,708
46851,1,0,0,555
46851,1,1,0,125
46902,0,0,0,704
46902,1,0,0,552
46904,1,1,0,120
46952,0,0,0,706
46950,1,0,0,556
46950,1,1,0,115
47000,0,0,0,735
47001,1,0,0,577
47002,1,1,0,148
47052,0,0,0,729
47052,1,0,0,579
47054,1,1,0,144
47101,0,0,0,724
47102,1,0,0,576
47103,1,1,0,142
47151,0,0,0,718
47152,1,0,0,579
47154,1,1,0,134
47200,0,0,0,718
47202,1,0,0,581
47202,1,1,0,129
47250,0,0,0,721
47252,1,0,0,584
47252,1,1,0,122
47301,0,0,0,725
47300,1,0,0,579
47302,1,1,0,117
47351,0,0,0,722
47352,1,0,0,586
47352,1,1,0,113
47401,0,0,0,722
47401,1,0,0,586
47403,1,1,0,114
47452,0,0,0,718
47450,1,0,0,578
47452,1,1,0,114
47501,0,0,0,747
47501,1,0,0,604
47501,1,1,0,131
47550,0,0,0,744
47552,1,0,0,597
47552,1,1,0,130
47601,0,0,0,741
47601,1,0,0,602
47603,1,1,0,123
47650,0,0,0,746
47651,1,0,0,609
47651,1,1,0,119
47702,1,0,0,603
47702,1,1,0,124
47751,0,0,0,751
47752,1,0,0,598
47754,1,1,0,116
47802,0,0,0,756
47801,1,0,0,604
47802,1,1,0,123
47851,0,0,0,758
47851,1,0,0,605
47853,1,1,0,124
47901,0,0,0,752
47902,1,0,0,612
47903,1,1,0,117
47950,0,0,0,759
47952,1,0,0,610
47952,1,1,0,112
48001,0,0,0,556
48003,0,1,0,800
48001,1,0,0,86
48051,0,0,0,548
48052,0,1,0,807
48050,1,0,0,89
48100,0,0,0,549
48101,0,1,0,801
48101,1,0,0,89
48150,0,0,0,552
48150,0,1,0,799
48150,1,0,0,93
48202,0,0,0,549
48203,0,1,0,793
48202,1,0,0,96
48250,0,0,0,547
48250,0,1,0,796
48250,1,0,0,99
48302,0,0,0,552
48304,0,1,0,800
48302,1,0,0,95
48350,0,0,0,552
48350,0,1,0,794
48350,1,0,0,89
48401,0,0,0,559
48402,0,1,0,794
48400,1,0,0,84
48452,0,0,0,560
48454,0,1,0,793
48450,1,0,0,89
48501,0,0,0,560
48501,0,1,0,789
48501,1,0,0,92
48551,0,0,0,562
48551,0,1,0,793
48550,1,0,0,84
48601,0,0,0,569
48602,0,1,0,793
48602,1,0,0,84
48651,0,0,0,569
48652,0,1,0,796
48652,1,0,0,88
48700,0,0,0,571
48701,0,1,0,797
48700,1,0,0,90
48751,0,0,0,569
48753,0,1,0,796
48750,1,0,0,88
48801,0,0,0,568
48802,0,1,0,793
48802,1,0,0,86
48850,0,0,0,575
48852,0,1,0,796
48851,1,0,0,84
48900,0,0,0,577
48901,0,1,0,794
48902,1,0,0,82
48952,0,0,0,580
48954,0,1,0,796
48952,1,0,0,85
49002,0,0,0,564
49004,0,1,0,788
49001,1,0,0,68
49050,0,0,0,571
49052,0,1,0,790
49051,1,0,0,61
49101,0,0,0,575
49102,0,1,0,784
49100,1,0,0,65
49152,0,0,0,574
49154,0,1,0,776
49152,1,0,0,65
49202,0,0,0,580
49203,0,1,0,782
49201,1,0,0,72
49250,0,0,0,577
49251,0,1,0,776
49251,1,0,0,72
49302,0,0,0,571
49304,0,1,0,768
49302,1,0,0,76
49352,0,0,0,573
49352,0,1,0,775
49350,1,0,0,81
49401,0,0,0,580
49403,0,1,0,774
49402,1,0,0,86
49451,0,0,0,587
49453,0,1,0,772
49450,1,0,0,93
49501,0,0,0,607
49501,0,1,0,785
49501,1,0,0,112
49552,0,0,0,614
49554,0,1,0,783
49551,1,0,0,111
49602,0,0,0,610
49604,0,1,0,788
49600,1,0,0,108
49651,0,0,0,612
49653,0,1,0,794
49650,1,0,0,103
49700,0,0,0,610
49702,0,1,0,789
49702,1,0,0,108
49752,0,0,0,614
49754,0,1,0,787
49751,1,0,0,105
49801,0,0,0,606
49801,0,1,0,791
49802,1,0,0,102
49850,0,0,0,604
49850,0,1,0,794
49850,1,0,0,95
49902,0,0,0,602
49903,0,1,0,790
49900,1,0,0,90
49952,0,0,0,598
49953,0,1,0,794
49951,1,0,0,83
50002,0,0,0,420
50002,0,1,0,737
50002,1,0,0,2
50051,0,0,0,422
50053,0,1,0,740
50100,0,0,0,421
50102,0,1,0,732
50101,1,0,0,0
50152,0,0,0,419
50152,0,1,0,734
50151,1,0,0,5
50200,0,0,0,420
50200,0,1,0,741
50202,1,0,0,1
50252,0,0,0,413
50253,0,1,0,734
50250,1,0,0,4
50301,0,0,0,420
50303,0,1,0,732
50301,1,0,0,3
50350,0,0,0,422
50350,0,1,0,728
50351,1,0,0,0
50402,0,0,0,429
50403,0,1,0,732
50401,1,0,0,0
50452,0,0,0,433
50454,0,1,0,737
50451,1,0,0,2
50502,0,0,0,411
50503,0,1,0,714
50502,1,0,0,4
50551,0,0,0,405
50552,0,1,0,715
50551,1,0,0,0
50601,0,0,0,401
50603,0,1,0,721
50601,1,0,0,3
50650,0,0,0,398
50651,0,1,0,716
50650,1,0,0,9
50700,0,0,0,404
50700,0,1,0,716
50700,1,0,0,5
50751,0,0,0,408
50753,0,1,0,713
50750,1,0,0,0
50802,0,0,0,406
50802,0,1,0,712
50800,1,0,0,0
50852,0,0,0,401
50854,0,1,0,710
50852,1,0,0,7
50902,0,0,0,398
50902,0,1,0,705
50902,1,0,0,12
50952,0,0,0,394
50953,0,1,0,711
50952,1,0,0,15
51002,0,0,0,408
51003,0,1,0,726
51001,1,0,0,33
51052,0,0,0,404
51052,0,1,0,729
51052,1,0,0,28
51102,0,0,0,411
51104,0,1,0,733
51101,1,0,0,22
51150,0,0,0,412
51150,0,1,0,728
51151,1,0,0,27
51200,0,0,0,405
51201,1,0,0,24
51250,0,0,0,405
51250,0,1,0,725
51250,1,0,0,23
51301,0,0,0,401
51302,0,1,0,726
51302,1,0,0,24
51352,0,0,0,394
51352,0,1,0,722
51350,1,0,0,21
51402,0,1,0,716
51401,1,0,0,18
51451,0,0,0,401
51452,0,1,0,715
51452,1,0,0,20
51501,0,0,0,414
51502,0,1,0,727
51500,1,0,0,33
51551,0,0,0,413
51551,0,1,0,727
51552,1,0,0,25
51600,0,0,0,420
51602,0,1,0,731
51600,1,0,0,29
51652,0,0,0,416
51654,0,1,0,735
51650,1,0,0,25
51700,0,0,0,417
51701,0,1,0,735
51750,0,0,0,419
51750,0,1,0,730
51751,1,0,0,27
51801,0,0,0,413
51803,0,1,0,722
51802,1,0,0,26
51852,0,0,0,407
51853,0,1,0,722
51850,1,0,0,21
51900,0,0,0,406
51900,0,1,0,716
51902,1,0,0,14
51952,0,0,0,400
51952,0,1,0,718
51951,1,0,0,13
52002,0,0,0,897
52002,0,1,0,569
52000,1,0,0,256
52050,0,0,0,889
52052,0,1,0,572
52051,1,0,0,261
52101,0,0,0,893
52103,0,1,0,566
52100,1,0,0,268
52150,0,0,0,893
52152,0,1,0,573
52150,1,0,0,273
52201,0,0,0,889
52201,0,1,0,574
52200,1,0,0,268
52250,0,0,0,896
52252,0,1,0,579
52251,1,0,0,265
52300,0,0,0,889
52301,0,1,0,577
52300,1,0,0,261
52352,0,0,0,889
52354,0,1,0,584
52352,1,0,0,263
52400,0,0,0,891
52401,0,1,0,591
52400,1,0,0,264
52451,0,0,0,888
52451,0,1,0,583
52451,1,0,0,259
52500,0,0,0,901
52501,0,1,0,602
52502,1,0,0,265
52551,0,0,0,908
52551,0,1,0,596
52552,1,0,0,259
52602,0,0,0,901
52604,0,1,0,596
52601,1,0,0,253
52650,0,0,0,906
52651,0,1,0,600
52651,1,0,0,248
52701,0,0,0,900
52702,0,1,0,593
52700,1,0,0,248
52751,0,0,0,905
52752,0,1,0,587
52750,1,0,0,242
52802,0,0,0,911
52802,0,1,0,582
52801,1,0,0,239
52852,0,0,0,907
52852,0,1,0,580
52850,1,0,0,236
52900,0,0,0,907
52901,0,1,0,573
52900,1,0,0,231
52952,0,0,0,914
52953,0,1,0,566
52952,1,0,0,238
53000,0,0,0,942
53000,0,1,0,589
53000,1,0,0,259
53050,0,0,0,944
53050,0,1,0,582
53050,1,0,0,252
53102,0,0,0,948
53104,0,1,0,589
53102,1,0,0,257
53150,0,0,0,955
53151,0,1,0,587
53150,1,0,0,255
53201,0,0,0,957
53203,0,1,0,579
53200,1,0,0,248
53250,0,0,0,949
53251,0,1,0,586
53250,1,0,0,240
53301,0,0,0,953
53303,0,1,0,578
53301,1,0,0,244
53351,0,0,0,952
53351,0,1,0,582
53350,1,0,0,249
53401,0,0,0,953
53403,0,1,0,581
53402,1,0,0,250
53450,0,0,0,953
53451,0,1,0,576
53450,1,0,0,243
53500,0,0,0,935
53502,0,1,0,564
53501,1,0,0,219
53550,0,0,0,930
53551,0,1,0,570
53550,1,0,0,216
53601,0,0,0,936
53601,0,1,0,571
53601,1,0,0,213
53651,0,0,0,932
53653,0,1,0,566
53651,1,0,0,207
53700,0,0,0,924
53700,0,1,0,564
53700,1,0,0,208
53752,0,0,0,926
53752,0,1,0,561
53752,1,0,0,211
53801,0,0,0,928
53803,0,1,0,553
53802,1,0,0,209
53850,0,0,0,927
53852,0,1,0,557
53852,1,0,0,201
53901,0,0,0,932
53903,0,1,0,561
53901,1,0,0,206
53950,0,0,0,927
53950,0,1,0,559
53950,1,0,0,206
54002,0,0,0,755
54002,0,1,0,180
54000,1,0,0,406
54001,1,1,0,767
54051,0,0,0,749
54051,0,1,0,173
54050,1,0,0,406
54052,1,1,0,774
54100,0,0,0,745
54101,0,1,0,171
54100,1,0,0,408
54101,1,1,0,768
54151,0,0,0,741
54153,0,1,0,163
54152,1,0,0,411
54154,1,1,0,765
54201,0,0,0,742
54202,0,1,0,157
54202,1,0,0,410
54204,1,1,0,757
54251,0,0,0,749
54252,0,1,0,162
54251,1,0,0,417
54252,1,1,0,758
54300,0,0,0,745
54302,0,1,0,169
54301,1,0,0,417
54302,1,1,0,763
54352,0,0,0,751
54354,0,1,0,174
54351,1,1,0,762
54400,0,0,0,754
54402,0,1,0,169
54400,1,0,0,416
54401,1,1,0,766
54450,0,0,0,761
54451,0,1,0,168
54451,1,0,0,422
54452,1,1,0,764
54502,0,0,0,775
54502,0,1,0,190
54501,1,0,0,444
54502,1,1,0,784
54551,0,0,0,779
54551,0,1,0,188
54550,1,0,0,451
54552,1,1,0,787
54601,0,0,0,772
54602,0,1,0,183
54602,1,0,0,448
54604,1,1,0,794
54650,0,0,0,767
54650,0,1,0,181
54651,1,0,0,446
54652,1,1,0,791
54702,0,0,0,774
54702,0,1,0,174
54701,1,0,0,445
54702,1,1,0,796
54750,0,0,0,774
54751,0,1,0,168
54751,1,0,0,449
54753,1,1,0,788
54802,0,0,0,776
54804,0,1,0,172
54801,1,0,0,441
54801,1,1,0,781
54850,0,0,0,773
54852,0,1,0,179
54850,1,0,0,436
54850,1,1,0,782
54902,0,0,0,768
54902,0,1,0,174
54900,1,0,0,442
54901,1,1,0,774
54951,0,0,0,774
54951,0,1,0,173
54952,1,0,0,443
54952,1,1,0,775
55001,0,0,0,826
55001,0,1,0,227
55002,1,0,0,506
55004,1,1,0,830
55051,0,0,0,823
55051,0,1,0,229
55050,1,0,0,513
55051,1,1,0,826
55101,0,0,0,826
55103,0,1,0,235
55102,1,0,0,506
55104,1,1,0,831
55151,0,0,0,822
55153,0,1,0,228
55152,1,0,0,503
55152,1,1,0,823
55200,0,0,0,817
55201,0,1,0,221
55201,1,0,0,507
55202,1,1,0,823
55250,0,0,0,812
55252,0,1,0,222
55250,1,0,0,510
55251,1,1,1,826
55301,0,0,0,811
55301,0,1,0,219
55302,1,0,0,505
55304,1,1,0,827
55350,0,0,0,803
55352,0,1,0,219
55350,1,0,0,504
55350,1,1,0,825
55402,0,0,0,809
55404,0,1,0,220
55401,1,0,0,506
55401,1,1,0,821
55451,0,0,0,814
55453,0,1,0,220
55450,1,0,0,506
55450,1,1,0,814
55502,0,0,0,804
55503,0,1,0,221
55500,1,0,0,495
55502,1,1,0,803
55552,0,0,0,799
55553,0,1,0,220
55552,1,0,0,499
55552,1,1,0,796
55600,0,0,0,806
55601,0,1,0,212
55600,1,0,0,500
55601,1,1,0,791
55651,0,0,0,799
55653,0,1,0,215
55652,1,0,0,498
55653,1,1,0,793
55701,0,0,0,805
55701,0,1,0,207
55702,1,0,0,493
55702,1,1,0,788
55752,0,0,0,799
55754,0,1,0,205
55750,1,0,0,498
55752,1,1,0,794
55801,0,0,0,796
55803,0,1,0,211
55802,1,0,0,499
55802,1,1,0,790
55852,0,0,0,797
55852,0,1,0,204
55850,1,0,0,497
55850,1,1,0,787
55901,0,0,0,803
55901,0,1,0,207
55901,1,0,0,500
55903,1,1,0,788
55952,0,0,0,809
55952,0,1,0,213
55951,1,0,0,497
55953,1,1,0,782
56002,0,1,0,718
56002,1,0,0,892
56051,0,1,0,725
56052,1,0,0,886
56101,0,1,0,729
56100,1,0,0,891
56151,0,1,0,726
56151,1,0,0,894
56202,0,1,0,725
56201,1,0,0,894
56250,0,1,0,731
56251,1,0,0,892
56301,0,1,0,735
56302,1,0,0,894
56350,0,1,0,729
56351,1,0,0,895
56401,0,1,0,726
56402,1,0,0,894
56452,0,1,0,727
56451,1,0,0,900
56502,0,1,0,730
56501,1,0,0,897
56551,0,1,0,733
56551,1,0,0,900
56600,0,1,0,736
56600,1,0,0,901
56651,0,1,0,730
56650,1,0,0,899
56700,0,1,0,725
56702,1,0,0,895
56752,0,1,0,720
56750,1,0,0,895
56802,0,1,0,717
56802,1,0,0,896
56852,0,1,0,712
56851,1,0,0,890
56901,0,1,0,719
56900,1,0,0,884
56951,0,1,0,718
56952,1,0,0,884
57002,0,1,0,756
57001,1,0,0,909
57050,0,1,0,759
57052,1,0,0,906
57100,0,1,0,756
57101,1,0,0,913
57150,0,1,0,751
57153,1,0,0,917
57200,0,1,0,743
57202,1,0,0,922
57250,0,1,0,741
57252,1,0,0,919
57301,1,0,0,923
57352,0,1,0,734
57350,1,0,0,928
57402,0,1,0,741
57400,1,0,0,923
57452,0,1,0,747
57451,1,0,0,915
57501,0,1,0,761
57501,1,0,0,917
57552,0,1,0,766
57552,1,0,0,924
57602,0,1,0,769
57600,1,0,0,924
57652,0,1,0,773
57651,1,0,0,919
57702,0,1,0,774
57702,1,0,0,918
57750,0,1,0,777
57750,1,0,0,911
57801,0,1,0,773
57801,1,0,0,903
57851,0,1,0,780
57850,1,0,0,906
57901,0,1,0,780
57901,1,0,0,911
57952,0,1,0,774
57951,1,0,0,918
58001,0,0,0,1013
58002,1,1,0,545
58051,0,0,0,1012
58052,1,1,0,551
58101,0,0,0,1009
58102,1,1,0,549
58150,0,0,0,1003
58151,1,1,0,555
58201,0,0,0,995
58200,1,1,0,560
58252,0,0,0,992
58251,1,1,0,553
58300,0,0,0,984
58302,1,1,0,559
58350,0,0,0,984
58350,1,1,0,560
58401,0,0,0,983
58401,1,1,0,563
58450,0,0,0,979
58451,1,1,0,566
58500,0,0,0,977
58501,1,1,0,559
58552,0,0,0,980
58550,1,1,0,561
58602,0,0,0,984
58601,1,1,0,563
58651,0,0,0,986
58651,1,1,0,564
58702,0,0,0,985
58701,1,1,0,569
58751,0,0,0,979
58752,1,1,0,562
58800,0,0,0,981
58801,1,1,0,558
58852,0,0,0,978
58851,1,1,0,560
58900,0,0,0,975
58900,1,1,0,566
58951,0,0,0,980
58951,1,1,0,565
59001,0,0,0,901
59001,1,1,0,486
59051,0,0,0,897
59050,1,1,0,491
59100,0,0,0,892
59101,1,1,0,483
59152,0,0,0,885
59150,1,1,0,489
59200,0,0,0,889
59200,1,1,0,483
59250,0,0,0,885
59251,1,1,0,489
59302,0,0,0,878
59302,1,1,0,495
59352,0,0,0,876
59352,1,1,0,489
59402,0,0,0,882
59402,1,1,0,486
59451,0,0,0,875
59450,1,1,0,487
59500,0,0,0,852
59501,1,1,0,464
59550,0,0,0,855
59552,1,1,0,470
59602,0,0,0,862
59602,1,1,0,463
59650,0,0,0,854
59652,1,1,0,457
59700,0,0,0,846
59702,1,1,0,453
59752,0,0,0,846
59752,1,1,0,456
59802,0,0,0,845
59801,1,1,0,460
59851,0,0,0,838
59852,1,1,0,452
59901,0,0,0,844
59900,1,1,0,451
59951,0,0,0,837
59951,1,1,0,458
60001,0,0,0,634
60001,1,0,0,729
60051,0,0,0,636
60052,1,0,0,726
60101,0,0,0,631
60100,1,0,0,722
60152,0,0,0,624
60151,1,0,0,717
60200,0,0,0,624
60250,0,0,0,627
60252,1,0,0,717
60301,0,0,0,631
60301,1,0,0,714
60350,0,0,0,631
60350,1,0,0,712
60400,0,0,0,629
60400,1,0,0,707
60450,0,0,0,628
60451,1,0,0,707
60502,0,0,0,607
60500,1,0,0,686
60550,0,0,0,607
60551,1,0,0,688
60600,0,0,0,600
60601,1,0,0,693
60652,0,0,0,592
60651,1,0,0,694
60700,0,0,0,591
60701,1,0,0,693
60750,0,0,0,596
60751,1,0,0,686
60800,0,0,0,589
60800,1,0,0,681
60852,0,0,0,587
60850,1,0,0,679
60900,0,0,0,579
60902,1,0,0,686
60951,0,0,0,584
60951,1,0,0,681
61002,0,0,0,590
61000,1,0,0,691
61050,0,0,0,584
61050,1,0,0,692
61102,0,0,0,582
61100,1,0,0,689
61152,0,0,0,588
61151,1,0,0,696
61202,0,0,0,583
61201,1,0,0,695
61250,0,0,0,578
61252,1,0,0,691
61301,0,0,0,582
61301,1,0,0,686
61350,0,0,0,588
61350,1,0,0,678
61401,0,0,0,585
61402,1,0,0,673
61451,0,0,0,591
61450,1,0,0,667
61502,0,0,0,599
61502,1,0,0,689
61551,0,0,0,601
61550,1,0,0,689
61601,0,0,0,605
61600,1,0,0,695
61651,0,0,0,597
61650,1,0,0,690
61702,0,0,0,594
61700,1,0,0,685
61751,0,0,0,593
61752,1,0,0,688
61801,0,0,0,600
61802,1,0,0,686
61852,0,0,0,605
61852,1,0,0,693
61902,0,0,0,605
61900,1,0,0,697
61950,1,0,0,696
62000,1,1,0,1016
62052,0,1,0,111
62050,1,1,0,1013
62101,0,1,0,110
62101,1,1,0,1019
62151,0,1,0,112
62151,1,1,0,1025
62201,0,1,0,117
62200,1,1,0,1022
62251,0,1,0,122
62251,1,1,0,1023
62301,0,1,0,126
62302,1,1,0,1023
62350,0,1,0,120
62350,1,1,0,1026
62401,0,1,0,120
62402,1,1,0,1020
62450,0,1,0,121
62451,1,1,0,1023
62502,0,1,0,131
62502,1,1,0,1028
62550,0,1,0,135
62602,0,1,0,134
62601,1,1,0,1029
62650,1,1,0,1028
62701,0,1,0,126
62702,1,1,0,1029
62750,0,1,0,131
62750,1,1,0,1025
62801,0,1,0,138
62802,1,1,0,1021
62851,0,1,0,143
62850,1,1,0,1014
62900,0,1,0,149
62902,1,1,0,1020
62950,0,1,0,141
62950,1,1,0,1017
63002,0,1,0,58
63001,1,1,0,923
63050,0,1,0,54
63051,1,1,0,915
63101,0,1,0,59
63101,1,1,0,915
63152,0,1,0,58
63150,1,1,0,916
63201,0,1,0,63
63200,1,1,0,909
63251,0,1,0,65
63250,1,1,0,916
63300,0,1,0,58
63301,1,1,0,913
63352,0,1,0,53
63350,1,1,0,906
63402,0,1,1,57
63400,1,1,0,900
63451,0,1,0,57
63452,1,1,0,898
63502,0,1,0,57
63501,1,1,0,904
63551,0,1,0,61
63551,1,1,0,906
63600,0,1,0,63
63600,1,1,0,905
63651,0,1,0,58
63651,1,1,0,907
63701,0,1,0,56
63702,1,1,0,910
63750,0,1,0,55
63752,1,1,0,915
63800,0,1,0,50
63801,1,1,0,920
63851,0,1,0,57
63850,1,1,0,920
63901,0,1,0,50
63900,1,1,0,919
63950,0,1,0,48
63952,1,1,0,919
64002,0,1,0,563
64000,1,0,0,282
64050,0,1,0,567
64052,1,0,0,287
64100,0,1,0,563
64100,1,0,0,282
64151,0,1,0,570
64151,1,0,0,285
64200,0,1,0,573
64201,1,0,0,281
64250,0,1,0,573
64252,1,0,0,279
64302,0,1,0,573
64301,1,0,0,275
64351,0,1,0,577
64352,1,0,0,268
64401,0,1,0,576
64402,1,0,0,265
64452,0,1,0,580
64452,1,0,0,259
64500,0,1,0,579
64502,1,0,0,254
64550,0,1,0,583
64552,1,0,0,260
64600,0,1,0,581
64601,1,0,0,261
64652,0,1,0,578
64650,1,0,0,254
64703,0,1,0,572
64701,1,0,0,247
64752,0,1,0,567
64752,1,0,0,250
64801,0,1,0,572
64802,1,0,0,253
64851,0,1,0,570
64850,1,0,0,256
64901,0,1,0,575
64902,1,0,0,249
64951,0,1,0,578
64950,1,0,0,242
65002,0,1,0,513
65001,1,0,0,178
65050,0,1,0,518
65052,1,0,0,183
65100,0,1,0,514
65100,1,0,0,182
65151,0,1,0,517
65151,1,0,0,185
65200,0,1,0,509
65200,1,0,0,180
65251,0,1,0,511
65252,1,0,0,174
65300,0,1,0,503
65300,1,0,0,172
65350,0,1,0,507
65350,1,0,0,178
65400,0,1,0,509
65402,1,0,0,182
65450,0,1,0,513
65452,1,0,0,181
65501,1,0,0,172
65550,0,1,0,507
65552,1,0,0,179
65602,0,1,0,513
65600,1,0,0,178
65651,0,1,0,506
65652,1,0,0,170
65700,0,1,0,504
65701,1,0,0,162
65750,0,1,0,509
65752,1,0,0,157
65800,0,1,0,512
65802,1,0,0,164
65852,0,1,0,507
65851,1,0,0,163
65901,0,1,0,510
65902,1,0,0,156
65951,0,1,0,509
65950,1,0,0,154
66002,0,0,0,317
66002,0,1,0,443
66000,1,0,0,317
66050,0,0,0,312
66051,0,1,0,448
66051,1,0,0,310
66053,1,1,0,480
66102,0,0,0,313
66104,0,1,0,446
66100,1,0,0,311
66102,1,1,0,477
66152,0,0,0,317
66152,0,1,0,450
66151,1,0,0,314
66151,1,1,0,480
66202,0,0,0,319
66202,0,1,0,457
66202,1,0,0,307
66202,1,1,0,485
66251,0,0,0,321
66251,0,1,0,460
66251,1,0,0,303
66253,1,1,0,478
66300,0,0,0,322
66300,0,1,0,455
66302,1,0,0,302
66303,1,1,0,480
66350,0,1,0,451
66350,1,0,0,300
66350,1,1,0,485
66401,0,0,0,316
66403,0,1,0,446
66401,1,0,0,305
66401,1,1,0,491
66451,0,0,0,311
66453,0,1,0,441
66452,1,0,0,301
66453,1,1,0,486
66500,0,0,0,319
66500,0,1,0,457
66501,1,0,0,319
66503,1,1,0,495
66551,0,0,0,319
66553,0,1,0,452
66552,1,0,0,315
66554,1,1,0,499
66602,0,0,0,326
66604,0,1,0,447
66600,1,0,0,322
66602,1,1,0,496
66651,0,0,0,319
66653,0,1,0,453
66650,1,0,0,318
66650,1,1,0,491
66700,0,0,0,324
66702,0,1,0,451
66701,1,0,0,310
66702,1,1,0,495
66751,0,0,0,320
66752,0,1,0,444
66752,1,0,0,316
66754,1,1,0,494
66802,0,0,0,320
66802,0,1,0,446
66801,1,0,0,316
66801,1,1,0,500
66850,0,0,0,319
66850,0,1,0,448
66851,1,0,0,310
66853,1,1,0,499
66900,0,0,0,323
66901,0,1,0,449
66902,1,0,0,316
66902,1,1,0,505
66950,0,0,0,316
66952,0,1,0,451
66952,1,0,0,320
66954,1,1,0,506
67000,0,0,0,408
67000,0,1,0,546
67001,1,0,0,417
67002,1,1,0,597
67052,0,0,0,409
67054,0,1,0,539
67050,1,0,0,411
67051,1,1,0,595
67100,0,0,0,411
67102,0,1,0,540
67100,1,0,0,409
67101,1,1,0,592
67152,0,0,0,403
67153,0,1,0,533
67150,1,0,0,406
67150,1,1,0,592
67200,0,0,0,404
67201,0,1,0,540
67202,1,0,0,406
67202,1,1,0,598
67250,0,0,0,409
67251,0,1,0,546
67251,1,0,0,408
67253,1,1,0,593
67300,0,0,0,411
67300,0,1,0,547
67301,1,0,0,408
67301,1,1,0,596
67350,0,0,0,409
67350,0,1,0,551
67351,1,0,0,411
67353,1,1,0,601
67402,0,0,0,411
67403,0,1,0,543
67401,1,0,0,407
67402,1,1,0,597
67450,0,0,0,416
67450,0,1,0,536
67450,1,0,0,402
67452,1,1,0,599
67500,0,0,0,429
67501,0,1,0,552
67501,1,0,0,415
67503,1,1,0,626
67552,0,0,0,427
67554,0,1,0,556
67550,1,0,0,409
67550,1,1,0,626
67601,0,0,0,428
67602,0,1,0,554
67602,1,0,0,412
67602,1,1,0,620
67651,0,0,0,422
67651,0,1,0,556
67650,1,0,0,405
67652,1,1,0,620
67701,0,0,0,429
67703,0,1,0,551
67701,1,0,0,402
67701,1,1,0,624
67752,0,0,0,435
67752,0,1,0,557
67752,1,0,0,399
67754,1,1,0,616
67801,0,0,0,434
67802,0,1,0,549
67802,1,0,0,403
67802,1,1,0,623
67851,0,0,0,440
67853,0,1,0,554
67851,1,0,0,396
67851,1,1,0,624
67901,0,0,0,441
67902,0,1,0,554
67902,1,0,0,403
67902,1,1,0,626
67952,0,0,0,439
67953,0,1,0,558
67950,1,0,0,409
67950,1,1,0,630
68001,0,0,0,922
68002,0,1,0,267
68002,1,0,0,691
68003,1,1,0,466
68050,0,0,0,926
68052,0,1,0,268
68050,1,0,0,690
68051,1,1,0,463
68101,0,0,0,919
68103,0,1,0,274
68101,1,0,0,690
68103,1,1,0,464
68152,0,0,0,912
68153,0,1,0,275
68150,1,0,0,686
68152,1,1,0,464
68200,0,0,0,906
68202,0,1,0,273
68200,1,0,0,679
68202,1,1,0,461
68250,0,0,0,900
68251,0,1,0,277
68251,1,0,0,676
68251,1,1,0,467
68301,0,0,0,897
68303,0,1,0,279
68301,1,0,0,682
68302,1,1,0,461
68352,0,0,0,895
68354,0,1,0,271
68350,1,0,0,674
68350,1,1,0,462
68401,0,0,0,894
68403,0,1,0,273
68402,1,0,0,676
68404,1,1,0,466
68451,0,0,0,888
68453,0,1,0,280
68451,1,0,0,681
68452,1,1,0,466
68502,0,0,0,895
68504,0,1,0,288
68500,1,0,0,678
68500,1,1,0,472
68552,0,0,0,898
68553,0,1,0,289
68552,1,0,0,682
68553,1,1,0,478
68601,0,0,0,894
68602,0,1,0,295
68600,1,0,0,679
68601,1,1,0,473
68650,0,0,0,893
68652,0,1,0,300
68650,1,0,0,674
68652,1,1,0,479
68701,0,0,0,893
68701,0,1,0,298
68702,1,0,0,669
68702,1,1,0,479
68750,0,0,0,891
68752,0,1,0,303
68752,1,0,0,669
68754,1,1,0,474
68802,0,0,0,885
68803,0,1,0,297
68801,1,0,0,661
68803,1,1,0,472
68850,0,0,0,891
68851,0,1,0,290
68851,1,0,0,665
68851,1,1,0,473
68901,0,0,0,885
68903,0,1,0,295
68902,1,0,0,665
68904,1,1,0,474
68952,0,0,0,883
68954,0,1,0,291
68950,1,0,0,672
68950,1,1,0,473
69000,0,0,0,891
69002,0,1,0,302
69002,1,0,0,689
69003,1,1,0,482
69052,0,0,0,886
69052,0,1,0,299
69050,1,0,0,689
69050,1,1,0,477
69101,0,0,0,893
69103,0,1,0,295
69101,1,0,0,681
69103,1,1,0,480
69151,0,0,0,900
69152,0,1,0,290
69151,1,0,0,676
69151,1,1,0,484
69202,0,0,0,898
69202,0,1,0,283
69201,1,0,0,679
69202,1,1,0,484
69251,0,0,0,894
69251,0,1,0,284
69250,1,0,0,676
69251,1,1,0,477
69301,0,0,0,891
69302,0,1,0,286
69300,1,0,0,679
69300,1,1,0,480
69352,0,0,0,893
69353,0,1,0,293
69350,1,0,0,673
69351,1,1,0,473
69401,0,0,0,892
69401,0,1,0,293
69402,1,0,0,672
69402,1,1,0,470
69450,0,0,0,893
69452,0,1,0,293
69450,1,0,0,671
69450,1,1,0,468
69500,0,0,0,888
69502,0,1,0,294
69502,1,0,0,663
69502,1,1,0,460
69552,0,0,0,884
69553,0,1,0,297
69552,1,0,0,660
69553,1,1,0,465
69602,0,0,0,885
69604,0,1,0,301
69600,1,0,0,667
69601,1,1,0,464
69652,0,0,0,892
69653,0,1,0,308
69652,1,0,0,674
69653,1,1,0,469
69700,0,0,0,892
69701,0,1,0,306
69701,1,0,0,667
69702,1,1,0,461
69752,0,0,0,894
69753,0,1,0,309
69752,1,0,0,670
69754,1,1,0,466
69800,0,0,0,895
69801,0,1,0,315
69800,1,0,0,665
69800,1,1,0,458
69852,0,0,0,900
69854,0,1,0,317
69850,1,0,0,665
69851,1,1,0,454
69900,0,0,0,903
69901,0,1,0,314
69902,1,0,0,667
69902,1,1,0,459
69952,0,0,0,908
69954,0,1,0,317
69951,1,0,0,668
69953,1,1,0,460
70000,0,1,0,716
70000,1,0,0,321
70051,0,1,0,722
70052,1,0,0,321
70102,0,1,0,727
70102,1,0,0,323
70151,0,1,0,721
70151,1,0,0,321
70202,0,1,0,725
70202,1,0,0,323
70252,1,0,0,328
70301,0,1,0,724
70301,1,0,0,328
70351,0,1,0,723
70350,1,0,0,320
70401,0,1,0,721
70400,1,0,0,319
70450,0,1,0,723
70451,1,0,0,319
70502,0,1,0,732
70500,1,0,0,325
70551,0,1,0,727
70552,1,0,0,320
70600,0,1,0,721
70600,1,0,0,319
70651,0,1,0,716
70650,1,0,0,325
70702,0,1,0,722
70701,1,0,0,323
70750,0,1,0,714
70751,1,0,0,317
70801,0,1,0,719
70802,1,0,0,310
70851,0,1,0,719
70852,1,0,0,311
70901,0,1,0,717
70900,1,0,0,311
70952,0,1,0,713
70952,1,0,0,306
71003,0,1,0,771
71000,1,0,0,367
71051,0,1,0,764
71052,1,0,0,363
71102,0,1,0,769
71100,1,0,0,360
71151,0,1,0,771
71152,1,0,0,362
71202,0,1,0,772
71200,1,0,0,354
71252,0,1,0,764
71251,1,0,0,350
71301,0,1,0,760
71301,1,0,0,355
71351,0,1,0,760
71351,1,0,0,359
71402,0,1,0,759
71402,1,0,0,359
71451,0,1,0,761
71451,1,0,0,360
71501,0,1,0,779
71500,1,0,0,381
71552,0,1,0,775
71552,1,0,0,382
71601,0,1,0,767
71602,1,0,0,380
71650,0,1,0,769
71651,1,0,0,386
71701,0,1,0,768
71700,1,0,0,389
71752,0,1,0,775
71751,1,0,0,384
71801,0,1,0,774
71800,1,0,0,387
71852,0,1,0,777
71852,1,0,0,393
71902,0,1,0,769
71900,1,0,0,396
71951,0,1,0,765
71951,1,0,0,396
72001,0,0,0,60
72000,1,1,0,137
72052,0,0,0,53
72050,1,1,0,129
72101,0,0,0,57
72100,1,1,0,136
72152,0,0,0,53
72150,1,1,0,130
72202,0,0,0,48
72201,1,1,0,137
72250,0,0,0,55
72251,1,1,0,129
72302,0,0,0,55
72302,1,1,0,136
72352,0,0,0,61
72351,1,1,0,129
72401,0,0,0,54
72400,1,1,0,123
72450,0,0,0,47
72450,1,1,0,123
72500,0,0,0,52
72502,1,1,0,115
72551,0,0,0,57
72552,1,1,0,119
72601,0,0,0,56
72601,1,1,0,115
72652,0,0,0,61
72650,1,1,0,115
72700,0,0,0,60
72702,1,1,0,118
72752,0,0,0,62
72750,1,1,0,115
72802,0,0,0,69
72800,1,1,0,114
72852,0,0,0,68
72851,1,1,0,106
72902,0,0,0,75
72902,1,1,0,112
72952,0,0,0,70
72952,1,1,0,111
73001,0,0,0,97
73002,1,1,0,138
73052,0,0,0,89
73050,1,1,0,130
73102,0,0,0,96
73100,1,1,0,125
73150,0,0,0,92
73152,1,1,0,130
73200,0,0,0,91
73251,0,0,0,86
73251,1,1,0,135
73301,0,0,0,93
73301,1,1,0,132
73351,0,0,0,89
73350,1,1,0,131
73401,0,0,0,85
73401,1,1,0,137
73451,0,0,0,82
73451,1,1,0,136
73501,0,0,0,106
73501,1,1,0,150
73552,0,0,0,104
73550,1,1,0,147
73602,0,0,0,103
73601,1,1,0,146
73650,0,0,0,95
73652,1,1,0,150
73702,0,0,0,96
73701,1,1,0,151
73750,0,0,0,94
73751,1,1,0,154
73801,0,0,0,101
73801,1,1,0,156
73851,0,0,0,101
73850,1,1,0,150
73901,0,0,0,101
73901,1,1,0,145
73950,0,0,0,100
73952,1,1,0,146
74001,0,1,0,149
74051,0,1,0,141
74050,1,0,0,219
74102,0,1,0,143
74101,1,0,0,220
74151,0,1,0,148
74150,1,0,0,227
74201,0,1,0,155
74201,1,0,0,234
74252,0,1,0,160
74251,1,0,0,227
74300,0,1,0,157
74300,1,0,0,227
74351,0,1,0,154
74351,1,0,0,223
74401,0,1,0,161
74401,1,0,0,228
74452,0,1,0,168
74450,1,0,0,222
74500,0,1,0,153
74501,1,0,0,203
74551,0,1,0,146
74550,1,0,0,196
74601,0,1,0,143
74600,1,0,0,199
74652,0,1,0,150
74650,1,0,0,201
74700,0,1,0,146
74701,1,0,0,195
74751,0,1,0,138
74752,1,0,0,191
74802,0,1,0,142
74802,1,0,0,188
74852,0,1,0,147
74852,1,0,0,180
74902,0,1,0,143
74900,1,0,0,182
74951,0,1,0,146
74951,1,0,0,177
75000,0,1,0,142
75000,1,0,0,164
75051,0,1,0,139
75051,1,0,0,166
75100,0,1,0,142
75100,1,0,0,160
75150,0,1,0,135
75150,1,0,0,155
75201,0,1,0,142
75202,1,0,0,159
75251,0,1,0,140
75251,1,0,0,166
75302,0,1,0,134
75300,1,0,0,160
75352,0,1,0,141
75352,1,0,0,152
75401,0,1,0,144
75401,1,0,0,146
75452,0,1,0,148
75451,1,0,0,145
75501,0,1,0,146
75502,1,0,0,142
75552,0,1,0,138
75552,1,0,0,137
75602,0,1,0,143
75601,1,0,0,132
75652,0,1,0,145
75651,1,0,0,139
75702,0,1,0,148
75701,1,0,0,144
75750,0,1,0,151
75750,1,0,0,142
75801,0,1,0,144
75801,1,0,0,136
75852,0,1,0,144
75851,1,0,0,142
75902,0,1,0,143
75901,1,0,0,138
75952,0,1,0,147
75952,1,0,0,131
76002,0,1,0,73
76001,1,1,0,588
76051,0,1,0,69
76050,1,1,0,591
76102,0,1,0,75
76101,1,1,0,590
76151,0,1,0,74
76151,1,1,0,586
76200,0,1,0,68
76202,1,1,0,581
76250,0,1,0,70
76250,1,1,0,581
76300,0,1,0,64
76302,1,1,0,587
76350,0,1,0,70
76352,1,1,0,591
76401,0,1,0,65
76401,1,1,0,595
76450,0,1,0,64
76452,1,1,0,588
76501,0,1,0,59
76501,1,1,0,577
76551,0,1,0,65
76550,1,1,0,577
76602,0,1,0,64
76601,1,1,0,584
76651,0,1,0,69
76651,1,1,0,577
76702,0,1,0,75
76700,1,1,0,574
76752,0,1,0,76
76750,1,1,0,567
76801,0,1,0,74
76801,1,1,0,562
76851,0,1,0,72
76851,1,1,0,554
76902,0,1,0,75
76901,1,1,0,553
76951,0,1,0,69
76952,1,1,0,559
77000,0,1,0,161
77001,1,1,0,648
77052,0,1,0,162
77051,1,1,0,647
77102,0,1,0,156
77100,1,1,0,652
77151,0,1,0,162
77152,1,1,0,656
77202,0,1,0,154
77200,1,1,0,661
77252,0,1,0,153
77301,0,1,0,149
77301,1,1,0,653
77352,0,1,0,144
77350,1,1,0,645
77402,0,1,0,145
77402,1,1,1,643
77450,0,1,0,137
77452,1,1,0,638
77501,0,1,0,158
77501,1,1,0,664
77551,0,1,0,154
77552,1,1,0,666
77600,0,1,0,152
77601,1,1,0,664
77652,0,1,0,152
77651,1,1,0,668
77700,0,1,0,150
77701,1,1,0,668
77750,0,1,0,146
77752,1,1,0,670
77800,0,1,0,153
77802,1,1,0,674
77852,0,1,0,150
77851,1,1,0,672
77902,0,1,0,156
77901,1,1,0,675
77951,0,1,0,149
77951,1,1,0,682
78002,0,0,0,147
78004,0,1,0,725
78001,1,0,0,771
78001,1,1,0,493
78050,0,0,0,154
78050,0,1,0,729
78050,1,0,0,766
78052,1,1,0,499
78102,0,0,0,148
78104,0,1,0,727
78100,1,0,0,772
78100,1,1,0,505
78150,0,0,0,150
78151,0,1,0,728
78152,1,0,0,779
78152,1,1,0,505
78202,0,0,0,154
78204,0,1,0,727
78200,1,0,0,771
78200,1,1,0,502
78252,0,0,0,155
78253,0,1,0,728
78251,1,0,0,770
78253,1,1,0,499
78300,0,0,0,149
78300,0,1,0,725
78302,1,0,0,769
78302,1,1,0,503
78351,0,0,0,143
78352,0,1,0,719
78352,1,0,0,771
78354,1,1,0,501
78401,0,0,0,144
78403,0,1,0,713
78401,1,0,0,776
78401,1,1,0,495
78450,0,0,0,151
78450,0,1,0,717
78451,1,0,0,771
78453,1,1,0,497
78502,0,0,0,167
78504,0,1,0,738
78501,1,0,0,797
78501,1,1,0,524
78552,0,0,0,161
78554,0,1,0,733
78552,1,0,0,792
78552,1,1,0,524
78601,0,0,0,161
78603,0,1,0,733
78602,1,0,0,789
78604,1,1,0,524
78651,0,0,0,163
78651,0,1,0,734
78651,1,0,0,785
78653,1,1,0,530
78701,0,0,0,155
78703,0,1,0,730
78702,1,0,0,785
78703,1,1,0,537
78752,0,0,0,151
78754,0,1,0,722
78750,1,0,0,777
78751,1,1,0,530
78800,0,0,0,149
78801,0,1,0,715
78802,1,0,0,775
78802,1,1,0,530
78851,0,0,0,142
78852,0,1,0,710
78852,1,0,0,779
78852,1,1,0,526
78900,0,0,0,145
78902,0,1,0,707
78902,1,0,0,773
78902,1,1,0,522
78950,0,0,0,152
78952,0,1,0,711
78950,1,0,0,766
78952,1,1,0,529
79001,0,0,0,215
79003,0,1,0,777
79001,1,0,0,827
79002,1,1,0,596
79051,0,0,0,221
79053,0,1,0,770
79050,1,0,0,834
79052,1,1,0,598
79102,0,0,0,218
79103,0,1,0,772
79100,1,0,0,837
79102,1,1,0,595
79152,0,0,0,218
79154,0,1,0,772
79150,1,0,0,835
79152,1,1,0,592
79201,0,0,0,213
79201,0,1,0,764
79202,1,0,0,841
79203,1,1,0,591
79250,0,0,0,206
79251,0,1,0,768
79252,1,0,0,836
79253,1,1,0,592
79300,0,0,0,203
79301,0,1,0,772
79302,1,0,0,840
79304,1,1,0,584
79350,0,0,0,198
79350,0,1,0,766
79352,1,0,0,846
79352,1,1,0,584
79402,0,0,0,200
79402,0,1,0,766
79400,1,0,0,847
79402,1,1,0,577
79450,0,0,0,207
79451,0,1,0,758
79451,1,0,0,842
79452,1,1,0,570
79501,0,0,0,184
79503,0,1,0,737
79502,1,0,0,827
79503,1,1,0,540
79552,0,0,0,191
79554,0,1,0,733
79550,1,0,0,824
79550,1,1,0,540
79600,0,0,0,191
79600,1,0,0,819
79600,1,1,0,547
79650,0,0,0,187
79652,0,1,0,735
79651,1,0,0,821
79652,1,1,0,542
79700,0,0,0,187
79702,0,1,0,733
79702,1,0,0,823
79704,1,1,0,539
79750,0,0,0,185
79750,0,1,0,736
79752,1,0,0,817
79754,1,1,0,535
79802,0,0,0,184
79803,0,1,0,740
79802,1,0,0,822
79804,1,1,0,536
79850,0,0,0,182
79850,0,1,0,739
79851,1,0,0,823
79853,1,1,0,529
79902,0,0,0,185
79904,0,1,0,733
79902,1,0,0,825
79903,1,1,0,527
79950,0,0,0,191
79952,0,1,0,740
79951,1,0,0,819
79951,1,1,0,527
80000,0,0,0,64
80001,0,1,0,367
80000,1,0,0,826
80001,1,1,0,776
80052,0,0,0,67
80053,0,1,0,365
80052,1,0,0,831
80053,1,1,0,783
80101,0,0,0,59
80103,0,1,0,372
80101,1,0,0,837
80101,1,1,0,789
80150,0,0,0,61
80152,0,1,0,375
80150,1,0,0,831
80151,1,1,0,794
80200,0,0,0,68
80202,0,1,0,380
80200,1,0,0,824
80200,1,1,0,789
80251,0,0,0,67
80253,0,1,0,374
80252,1,0,0,831
80253,1,1,0,791
80301,0,0,0,59
80302,0,1,0,379
80300,1,0,0,828
80300,1,1,0,798
80351,0,0,0,53
80352,0,1,0,373
80351,1,0,0,833
80351,1,1,0,804
80402,0,0,0,52
80403,0,1,0,368
80401,1,0,0,837
80403,1,1,0,796
80450,0,0,0,46
80451,0,1,0,368
80452,1,0,0,831
80453,1,1,0,802
80501,0,0,0,37
80502,0,1,0,362
80501,1,0,0,822
80501,1,1,0,799
80552,0,0,0,38
80554,0,1,0,361
80550,1,0,0,814
80550,1,1,0,794
80601,0,0,0,38
80602,0,1,0,357
80600,1,0,0,821
80602,1,1,0,788
80652,0,0,0,36
80653,0,1,0,353
80651,1,0,0,814
80651,1,1,0,787
80700,0,0,0,36
80702,0,1,0,350
80700,1,0,0,809
80751,0,0,0,38
80753,0,1,0,342
80750,1,0,0,803
80751,1,1,0,787
80800,0,0,0,38
80801,0,1,0,340
80802,1,0,0,805
80803,1,1,0,783
80850,0,0,0,43
80850,0,1,0,336
80852,1,0,0,798
80852,1,1,0,779
80900,0,0,0,44
80901,0,1,0,339
80900,1,0,0,792
80901,1,1,0,784
80951,0,0,0,45
80953,0,1,0,337
80950,1,0,0,785
80950,1,1,0,787
81000,0,0,0,54
81002,0,1,0,353
81000,1,0,0,795
81000,1,1,0,796
81050,0,0,0,50
81052,0,1,0,356
81050,1,0,0,799
81052,1,1,0,796
81101,0,0,0,53
81102,0,1,0,355
81102,1,0,0,793
81103,1,1,0,799
81150,0,0,0,53
81152,0,1,0,347
81152,1,0,0,791
81152,1,1,0,793
81200,0,0,0,46
81201,0,1,0,350
81201,1,0,0,793
81201,1,1,0,786
81252,0,0,0,52
81252,0,1,0,348
81250,1,1,0,780
81302,0,0,0,59
81303,0,1,0,354
81300,1,0,0,792
81301,1,1,0,780
81352,0,0,0,52
81353,0,1,0,346
81351,1,0,0,797
81352,1,1,0,777
81401,0,0,0,47
81403,0,1,0,344
81401,1,1,0,774
81452,0,0,0,41
81453,0,1,0,345
81452,1,0,0,789
81453,1,1,0,768
81502,0,0,0,49
81502,0,1,0,357
81500,1,0,0,802
81501,1,1,0,781
81552,0,0,0,54
81553,0,1,0,356
81550,1,0,0,796
81552,1,1,0,774
81601,0,0,0,59
81602,0,1,0,348
81600,1,0,0,798
81600,1,1,0,769
81652,0,0,0,58
81650,1,0,0,803
81652,1,1,0,774
81700,0,0,0,57
81701,0,1,0,344
81702,1,0,0,807
81702,1,1,0,777
81750,0,0,0,56
81751,0,1,0,344
81751,1,0,0,814
81752,1,1,0,782
81801,0,1,0,344
81802,1,0,0,806
81802,1,1,0,785
81852,0,0,0,61
81852,0,1,0,338
81850,1,0,0,803
81851,1,1,0,781
81902,0,0,0,57
81903,0,1,0,331
81900,1,0,0,802
81902,1,1,0,778
81950,0,0,0,50
81950,0,1,0,334
81951,1,0,0,797
81951,1,1,0,783
82002,0,0,0,161
82003,0,1,0,685
82000,1,0,0,333
82002,1,1,0,564
82052,0,0,0,168
82052,0,1,0,684
82050,1,0,0,325
82052,1,1,0,556
82101,0,0,0,163
82101,0,1,0,687
82100,1,0,0,332
82101,1,1,0,556
82152,0,0,0,155
82152,0,1,0,683
82150,1,0,0,337
82152,1,1,0,563
82202,0,0,0,161
82202,0,1,0,689
82202,1,0,0,341
82204,1,1,0,567
82252,0,0,0,160
82254,0,1,0,682
82251,1,0,0,337
82251,1,1,0,566
82300,0,0,0,154
82302,0,1,0,675
82302,1,0,0,332
82302,1,1,0,559
82352,0,0,0,159
82352,0,1,0,667
82350,1,0,0,337
82350,1,1,0,566
82402,0,0,0,161
82403,0,1,0,669
82401,1,0,0,338
82401,1,1,0,566
82452,0,0,0,160
82452,0,1,0,668
82452,1,0,0,338
82452,1,1,0,567
82500,0,0,0,177
82502,0,1,0,683
82502,1,0,0,355
82502,1,1,0,584
82552,0,0,0,170
82554,0,1,0,686
82550,1,0,0,362
82550,1,1,0,583
82600,0,0,0,163
82602,0,1,0,679
82600,1,0,0,368
82602,1,1,0,588
82652,0,0,0,168
82654,0,1,0,672
82652,1,0,0,366
82653,1,1,0,581
82700,0,0,0,168
82702,0,1,0,675
82701,1,0,0,367
82703,1,1,0,576
82751,0,0,0,163
82753,0,1,0,681
82751,1,0,0,369
82752,1,1,0,574
82800,0,0,0,156
82800,0,1,0,684
82800,1,0,0,362
82800,1,1,0,566
82850,0,0,0,151
82852,0,1,0,690
82850,1,0,0,357
82851,1,1,0,561
82901,0,0,0,151
82902,0,1,0,694
82902,1,0,0,364
82952,0,0,0,154
82953,0,1,0,698
82952,1,0,0,360
82954,1,1,0,567
83002,0,0,0,111
83003,0,1,0,651
83000,1,0,0,314
83000,1,1,0,516
83050,0,0,0,108
83051,0,1,0,648
83050,1,0,0,319
83052,1,1,0,520
83101,0,0,0,103
83103,0,1,0,646
83101,1,0,0,312
83102,1,1,0,523
83151,0,0,0,105
83151,0,1,0,645
83151,1,0,0,314
83153,1,1,0,519
83200,0,0,0,101
83200,0,1,0,648
83200,1,0,0,311
83201,1,1,0,524
83251,0,0,0,107
83253,0,1,0,647
83251,1,0,0,308
83252,1,1,0,522
83301,0,0,0,102
83303,0,1,0,642
83301,1,0,0,304
83301,1,1,0,523
83350,0,0,0,101
83350,0,1,0,643
83352,1,0,0,303
83353,1,1,0,516
83402,0,0,0,97
83402,0,1,0,650
83402,1,0,0,301
83403,1,1,0,522
83452,0,0,0,99
83452,0,1,0,655
83450,1,0,0,304
83450,1,1,0,526
83502,0,0,0,94
83504,0,1,0,656
83500,1,0,0,292
83500,1,1,0,521
83552,0,0,0,95
83553,0,1,0,648
83551,1,0,0,291
83551,1,1,0,527
83601,0,0,0,96
83603,0,1,0,645
83601,1,0,0,287
83601,1,1,0,530
83651,0,0,0,97
83653,0,1,0,637
83652,1,0,0,289
83652,1,1,0,522
83700,0,0,0,103
83702,0,1,0,639
83701,1,0,0,294
83703,1,1,0,526
83750,0,0,0,104
83751,0,1,0,644
83751,1,0,0,294
83751,1,1,0,529
83802,0,0,0,96
83802,0,1,0,636
83801,1,0,0,293
83802,1,1,0,536
83850,0,0,0,101
83852,0,1,0,630
83851,1,0,0,292
83851,1,1,0,540
83902,0,0,0,96
83904,0,1,0,622
83900,1,0,0,297
83901,1,1,0,532
83952,0,0,0,92
83952,0,1,0,622
83950,1,0,0,301
83951,1,1,0,531
84002,0,0,0,858
84004,0,1,0,194
84001,1,0,0,372
84003,1,1,0,364
84050,0,0,0,861
84051,0,1,0,192
84052,1,0,0,366
84053,1,1,0,358
84102,0,0,0,860
84103,0,1,0,192
84102,1,0,0,372
84102,1,1,0,359
84151,0,0,0,867
84152,0,1,0,189
84152,1,0,0,379
84153,1,1,0,363
84202,0,0,0,860
84203,0,1,0,190
84202,1,0,0,372
84204,1,1,0,370
84252,0,0,0,860
84254,0,1,0,196
84250,1,0,0,368
84251,1,1,0,372
84302,0,0,0,862
84303,0,1,0,192
84302,1,0,0,374
84303,1,1,0,372
84350,0,0,0,863
84350,0,1,0,184
84350,1,0,0,376
84350,1,1,0,369
84400,0,0,0,859
84401,0,1,0,187
84402,1,0,0,378
84404,1,1,0,362
84452,0,0,0,855
84453,0,1,0,187
84451,1,0,0,372
84452,1,1,0,355
84501,0,0,0,851
84503,0,1,0,179
84500,1,0,0,379
84502,1,1,0,351
84550,0,0,0,853
84550,0,1,0,180
84550,1,0,0,372
84550,1,1,0,358
84600,0,0,0,855
84601,0,1,0,174
84601,1,0,0,372
84602,1,1,0,351
84652,0,0,0,862
84652,0,1,0,176
84652,1,0,0,370
84654,1,1,0,356
84702,0,0,0,867
84704,0,1,0,180
84701,1,0,0,374
84702,1,1,0,350
84751,0,0,0,869
84751,0,1,0,178
84751,1,0,0,370
84751,1,1,0,353
84800,0,0,0,872
84801,0,1,0,179
84801,1,0,0,369
84802,1,1,0,358
84851,0,0,0,867
84851,0,1,0,179
84850,1,0,0,368
84850,1,1,0,350
84902,0,0,0,860
84902,0,1,0,173
84901,1,0,0,372
84903,1,1,0,356
84952,0,0,0,855
84953,0,1,0,178
84950,1,0,0,376
84951,1,1,0,358
85002,0,0,0,778
85002,0,1,0,90
85001,1,0,0,294
85003,1,1,0,273
85052,0,0,0,774
85054,0,1,0,83
85050,1,0,0,294
85052,1,1,0,276
85101,0,0,0,772
85103,0,1,0,82
85101,1,0,0,294
85101,1,1,0,282
85152,0,0,0,770
85154,0,1,0,78
85150,1,0,0,292
85152,1,1,0,288
85202,0,0,0,769
85202,0,1,0,80
85201,1,0,0,295
85202,1,1,0,280
85251,0,0,0,767
85253,0,1,0,85
85251,1,0,0,294
85251,1,1,0,280
85301,0,0,0,767
85301,0,1,0,84
85300,1,0,0,299
85302,1,1,0,279
85350,0,0,0,769
85350,0,1,0,77
85350,1,0,0,304
85350,1,1,0,281
85402,0,0,0,776
85404,0,1,0,80
85401,1,0,0,310
85402,1,1,0,278
85452,0,0,0,774
85454,0,1,0,86
85450,1,0,0,302
85452,1,1,0,279
85500,0,0,0,773
85500,0,1,0,75
85500,1,0,0,300
85501,1,1,0,269
85551,0,0,0,772
85553,0,1,0,77
85550,1,0,0,304
85550,1,1,0,270
85602,0,0,0,773
85603,0,1,0,83
85602,1,0,0,310
85604,1,1,0,270
85650,0,0,0,767
85653,0,1,0,76
85652,1,0,0,315
85652,1,1,0,276
85701,0,0,0,770
85701,0,1,0,73
85701,1,0,0,320
85703,1,1,0,272
85752,0,0,0,766
85753,0,1,0,70
85751,1,0,0,320
85751,1,1,0,273
85802,0,0,0,761
85802,0,1,0,64
85801,1,0,0,323
85803,1,1,0,280
85850,0,0,0,754
85851,0,1,0,59
85852,1,0,0,329
85854,1,1,0,277
85902,0,0,0,755
85902,0,1,0,57
85901,1,0,0,329
85902,1,1,0,283
85952,0,0,0,761
85953,0,1,0,55
85951,1,0,0,333
94000,0,0,0,514
94001,1,0,0,423
94051,0,0,0,518
94051,1,0,0,419
94101,0,0,0,516
94102,1,0,0,425
94152,0,0,0,509
94150,1,0,0,418
94201,0,0,0,506
94201,1,0,0,411
94250,0,0,0,513
94251,1,0,0,415
94302,0,0,0,508
94300,1,0,0,414
94352,0,0,0,508
94350,1,0,0,407
94402,0,0,0,515
94401,1,0,0,411
94451,0,0,0,510
94452,1,0,0,414
94502,0,0,0,504
94502,1,0,0,411
94552,0,0,0,496
94551,1,0,0,411
94600,0,0,0,501
94600,1,0,0,403
94651,0,0,0,506
94651,1,0,0,397
94702,0,0,0,501
94702,1,0,0,402
94752,0,0,0,495
94752,1,0,0,403
94801,0,0,0,487
94800,1,0,0,402
94852,0,0,0,492
94850,1,0,0,401
94902,0,0,0,493
94902,1,0,0,401
94951,0,0,0,500
94952,1,0,0,407
95000,0,0,0,420
95001,1,0,0,320
95050,0,0,0,421
95052,1,0,0,313
95100,0,0,0,418
95102,1,0,0,306
95150,0,0,0,424
95151,1,0,0,300
95200,0,0,0,424
95201,1,0,0,292
95252,0,0,0,417
95250,1,0,0,291
95302,0,0,0,411
95302,1,0,0,291
95350,0,0,0,414
95352,1,0,0,292
95400,0,0,0,418
95400,1,0,0,297
95451,0,0,0,425
95452,1,0,0,302
95500,0,0,0,424
95502,1,0,0,297
95551,0,0,0,427
95552,1,0,0,301
95601,0,0,0,419
95601,1,0,0,306
95651,0,0,0,426
95650,1,0,0,300
95700,0,0,0,420
95700,1,0,0,292
95750,0,0,0,427
95752,1,0,0,290
95802,0,0,0,427
95800,1,0,0,290
95850,0,0,0,428
95850,1,0,0,297
95901,0,0,0,431
95902,1,0,0,301
95950,0,0,0,433
95951,1,0,0,298
96001,0,0,0,272
96000,1,1,0,56
96052,0,0,0,277
96051,1,1,0,57
96101,0,0,0,282
96100,1,1,0,61
96151,0,0,0,279
96152,1,1,0,68
96200,0,0,0,281
96202,1,1,0,67
96251,0,0,0,280
96250,1,1,0,65
96301,0,0,0,280
96300,1,1,0,58
96352,0,0,0,285
96351,1,1,0,53
96401,0,0,0,279
96400,1,1,0,46
96452,0,0,0,279
96450,1,1,0,44
96500,0,0,0,272
96500,1,1,0,43
96550,0,0,0,269
96551,1,1,0,41
96600,0,0,0,261
96602,1,1,0,48
96652,0,0,0,256
96650,1,1,0,48
96702,0,0,0,260
96701,1,1,0,41
96750,0,0,0,252
96750,1,1,0,48
96802,0,0,0,256
96801,1,1,0,49
96850,0,0,0,260
96852,1,1,0,46
96901,0,0,0,259
96901,1,1,0,50
96952,0,0,0,254
96950,1,1,0,49
97000,0,0,0,176
97002,1,1,0,0
97052,0,0,0,174
97050,1,1,0,3
97101,0,0,0,174
97102,1,1,0,9
97151,0,0,0,181
97151,1,1,0,2
97202,0,0,0,174
97202,1,1,0,0
97250,0,0,0,172
97250,1,1,0,0
97300,0,0,0,168
97300,1,1,0,0
97352,0,0,0,167
97350,1,1,0,4
97401,0,0,0,167
97400,1,1,0,0
97451,0,0,0,171
97451,1,1,0,0
97500,0,0,0,177
97502,1,1,0,2
97550,0,0,0,183
97550,1,1,0,3
97601,0,0,0,176
97602,1,1,0,0
97650,0,0,0,181
97652,1,1,0,0
97700,0,0,0,181
97702,1,1,0,3
97751,0,0,0,175
97750,1,1,0,8
97801,0,0,0,172
97800,1,1,0,8
97852,0,0,0,179
97902,0,0,0,176
97902,1,1,0,13
97951,0,0,0,173
97950,1,1,0,10
98002,0,1,0,1016
98000,1,0,0,759
98050,0,1,0,1017
98050,1,0,0,754
98100,0,1,0,1015
98100,1,0,0,746
98150,0,1,0,1021
98150,1,0,0,746
98201,0,1,0,1014
98201,1,0,0,752
98252,0,1,0,1013
98250,1,0,0,750
98302,0,1,0,1009
98302,1,0,0,748
98350,0,1,0,1001
98352,1,0,0,752
98402,0,1,0,1001
98402,1,0,0,758
98451,0,1,0,997
98451,1,0,0,754
98502,0,1,0,1010
98502,1,0,0,769
98551,0,1,0,1015
98551,1,0,0,765
98602,0,1,0,1013
98601,1,0,0,758
98652,0,1,0,1011
98651,1,0,0,753
98702,0,1,0,1010
98702,1,0,0,745
98752,0,1,0,1013
98752,1,0,0,738
98802,0,1,0,1014
98802,1,0,0,741
98851,0,1,0,1011
98850,1,0,0,738
98900,0,1,0,1003
98900,1,0,0,733
98950,0,1,0,1003
98952,1,0,0,739
99002,0,1,0,1092
99001,1,0,0,814
99051,0,1,0,1089
99052,1,0,0,816
99101,0,1,0,1093
99101,1,0,0,812
99151,0,1,0,1091
99150,1,0,0,816
99200,0,1,0,1092
99201,1,0,0,815
99252,0,1,0,1092
99250,1,0,0,815
99300,0,1,0,1088
99302,1,0,0,817
99352,0,1,0,1094
99350,1,0,0,811
99401,0,1,0,1098
99401,1,0,0,805
99450,0,1,0,1097
99452,1,0,0,811
99500,0,1,0,1114
99500,1,0,0,827
99552,0,1,0,1120
99551,1,0,0,820
99602,0,1,0,1116
99600,1,0,0,819
99652,0,1,0,1119
99651,1,0,0,812
99700,0,1,0,1118
99700,1,0,0,816
99751,0,1,0,1115
99750,1,0,0,814
99801,0,1,0,1116
99801,1,0,0,810
99850,0,1,0,1121
99850,1,0,0,802
99901,0,1,0,1115
99902,1,0,0,796
99951,0,1,0,1122
99951,1,0,0,788
100002,0,0,0,643
100002,1,1,0,669
100052,0,0,0,638
100051,1,1,0,665
100101,0,0,0,645
100102,1,1,0,663
100150,0,0,0,650
100150,1,1,0,665
100201,0,0,0,657
100200,1,1,0,659
100251,0,0,0,662
100250,1,1,0,653
100302,0,0,0,669
100302,1,1,0,649
100351,0,0,0,676
100352,1,1,0,641
100402,0,0,0,678
100402,1,1,0,646
100452,0,0,0,677
100450,1,1,0,644
100500,0,0,0,701
100501,1,1,0,667
100551,0,0,0,696
100550,1,1,0,662
100601,0,0,0,696
100600,1,1,0,663
100651,0,0,0,689
100652,1,1,0,662
100701,0,0,0,688
100700,1,1,0,669
100752,0,0,0,683
100750,1,1,0,670
100800,0,0,0,681
100800,1,1,0,668
100852,0,0,0,679
100851,1,1,0,662
100901,0,0,0,678
100900,1,1,0,656
100952,0,0,0,682
100951,1,1,0,656
101000,0,0,0,685
101002,1,1,0,672
101052,0,0,0,679
101050,1,1,0,668
101100,0,0,0,677
101101,1,1,0,669
101152,0,0,1,678
101150,1,1,0,666
101200,0,0,0,673
101201,1,1,0,660
101250,0,0,0,669
101252,1,1,0,652
101302,0,0,0,672
101302,1,1,0,650
101351,0,0,0,664
101351,1,1,0,643
101401,0,0,0,665
101402,1,1,0,638
101451,0,0,0,671
101452,1,1,0,645
101502,0,0,0,654
101500,1,1,0,627
101552,0,0,0,646
101550,1,1,0,629
101601,0,0,0,639
101601,1,1,0,634
101652,0,0,0,636
101650,1,1,0,634
101702,0,0,0,631
101700,1,1,0,629
101751,0,0,0,625
101750,1,1,0,625
101800,0,0,0,624
101801,1,1,0,631
101852,0,0,0,628
101851,1,1,0,625
101901,0,0,0,635
101900,1,1,0,625
101951,0,0,0,633
101950,1,1,0,617
102002,0,1,0,101
102001,1,0,0,126
102051,0,1,0,103
102051,1,0,0,126
102102,0,1,0,107
102100,1,0,0,128
102150,0,1,0,106
102152,1,0,0,129
102202,0,1,0,107
102202,1,0,0,123
102251,0,1,0,105
102250,1,0,0,116
102302,0,1,0,111
102302,1,0,0,108
102351,0,1,0,109
102402,0,1,0,103
102402,1,0,0,103
102451,0,1,0,108
102450,1,0,0,96
102502,0,1,0,111
102500,1,0,0,89
102551,0,1,0,104
102552,1,0,0,86
102602,0,1,0,107
102601,1,0,0,80
102650,0,1,0,106
102652,1,0,0,72
102701,0,1,0,98
102701,1,0,0,72
102750,0,1,0,104
102752,1,0,0,74
102802,0,1,0,101
102801,1,0,0,67
102851,0,1,0,99
102850,1,0,0,73
102901,0,1,0,100
102901,1,0,0,69
102952,0,1,0,97
102952,1,0,0,72
103001,0,1,0,8
103001,1,0,0,0
103050,0,1,0,8
103050,1,0,0,0
103102,0,1,0,14
103102,1,0,0,0
103152,0,1,0,17
103151,1,0,0,0
103200,0,1,0,17
103202,1,0,0,0
103252,0,1,0,22
103250,1,0,0,2
103302,0,1,0,26
103300,1,0,0,0
103350,0,1,0,32
103352,1,0,0,7
103402,0,1,0,27
103400,1,0,0,11
103451,0,1,0,33
103450,1,0,0,18
103502,0,1,0,38
103501,1,0,0,12
103551,0,1,0,37
103551,1,0,0,19
103601,0,1,0,33
103600,1,0,0,13
103652,0,1,0,35
103652,1,0,0,6
103702,0,1,0,29
103701,1,0,0,0
103751,0,1,0,24
103750,1,0,0,0
103801,0,1,0,17
103800,1,0,0,0
103851,0,1,0,21
103852,1,0,0,0
103902,0,1,0,19
103902,1,0,0,7
103952,0,1,0,19
103951,1,0,0,14
104002,0,0,0,782
104002,1,1,0,389
104052,0,0,0,785
104052,1,1,0,388
104100,0,0,0,787
104102,1,1,0,392
104150,0,0,0,794
104150,1,1,0,387
104202,0,0,0,795
104201,1,1,0,387
104252,0,0,0,788
104251,1,1,0,382
104301,0,0,0,788
104302,1,1,0,384
104352,0,0,0,782
104350,1,1,0,378
104401,0,0,0,774
104400,1,1,0,372
104451,1,1,0,373
104502,0,0,0,757
104501,1,1,0,359
104551,0,0,0,760
104552,1,1,0,354
104602,0,0,0,760
104602,1,1,0,359
104650,0,0,0,767
104650,1,1,0,352
104700,0,0,0,760
104700,1,1,0,357
104752,0,0,0,752
104750,1,1,0,352
104801,0,0,0,756
104801,1,1,0,358
104850,0,0,0,751
104852,1,1,0,356
104901,0,0,0,750
104900,1,1,0,357
104950,0,0,0,757
104951,1,1,0,353
105000,0,0,0,756
105002,1,1,0,362
105051,0,0,0,749
105052,1,1,0,368
105102,0,0,0,752
105102,1,1,0,367
105150,0,0,0,755
105152,1,1,0,365
105200,0,0,0,760
105202,1,1,0,372
105251,0,0,0,766
105251,1,1,0,369
105302,0,0,0,759
105300,1,1,0,361
105351,0,0,0,756
105352,1,1,0,367
105401,0,0,0,749
105400,1,1,0,361
105450,0,0,0,749
105451,1,1,0,354
105501,0,0,0,763
105501,1,1,0,367
105550,0,0,0,762
105551,1,1,0,366
105602,0,0,0,758
105602,1,1,0,367
105652,0,0,0,755
105652,1,1,0,362
105701,0,0,0,751
105702,1,1,0,357
105752,0,0,0,748
105750,1,1,0,353
105802,0,0,0,752
105800,1,1,0,360
105851,0,0,0,757
105852,1,1,0,354
105902,0,0,0,757
105901,1,1,0,358
105950,0,0,0,764
105950,1,1,0,364
106000,0,1,0,737
106000,1,1,0,621
106050,0,1,0,737
106100,0,1,0,735
106100,1,1,0,624
106150,0,1,0,738
106150,1,1,0,616
106200,0,1,0,736
106201,1,1,0,612
106251,0,1,0,735
106252,1,1,0,619
106302,0,1,0,740
106302,1,1,0,626
106350,0,1,0,746
106350,1,1,0,630
106401,0,1,0,743
106400,1,1,0,623
106451,0,1,0,750
106451,1,1,0,616
106502,0,1,0,740
106502,1,1,0,602
106552,0,1,0,745
106551,1,1,0,606
106601,0,1,0,740
106602,1,1,0,601
106651,0,1,0,745
106651,1,1,0,608
106702,0,1,0,742
106701,1,1,0,607
106751,0,1,0,740
106800,0,1,0,739
106801,1,1,0,605
106852,0,1,0,745
106850,1,1,0,610
106900,0,1,0,747
106900,1,1,0,615
106951,0,1,0,751
106950,1,1,0,612
107001,0,1,0,805
107002,1,1,0,660
107050,0,1,0,811
107052,1,1,0,662
107101,0,1,0,810
107101,1,1,0,656
107151,0,1,0,813
107152,1,1,0,658
107202,0,1,0,820
107202,1,1,0,657
107250,0,1,0,826
107252,1,1,0,656
107302,0,1,0,828
107302,1,1,0,663
107352,0,1,0,830
107350,1,1,0,666
107402,0,1,0,823
107400,1,1,0,665
107452,0,1,0,825
107452,1,1,0,671
107502,0,1,0,839
107501,1,1,0,695
107551,0,1,0,832
107551,1,1,0,688
107602,0,1,0,826
107601,1,1,0,684
107650,0,1,0,826
107652,1,1,0,690
107701,0,1,0,821
107702,1,1,0,691
107752,0,1,0,817
107752,1,1,0,693
107802,0,1,0,818
107802,1,1,0,688
107852,0,1,0,820
107851,1,1,0,689
107902,0,1,0,813
107902,1,1,0,689
107951,0,1,0,806
107951,1,1,0,695
108000,0,0,0,936
108001,1,1,0,233
108051,0,0,0,943
108052,1,1,0,237
108100,0,0,0,947
108101,1,1,0,238
108150,0,0,0,944
108152,1,1,0,245
108200,0,0,0,951
108201,1,1,0,237
108252,0,0,0,951
108251,1,1,0,233
108300,0,0,0,957
108301,1,1,0,228
108350,0,0,0,949
108352,1,1,0,230
108402,0,0,0,945
108400,1,1,0,222
108452,0,0,0,943
108452,1,1,0,218
108502,0,0,0,952
108501,1,1,0,242
108551,0,0,0,956
108550,1,1,0,241
108601,0,0,0,954
108600,1,1,0,246
108651,0,0,0,949
108652,1,1,0,251
108700,0,0,0,941
108701,1,1,0,258
108750,0,0,0,947
108752,1,1,0,260
108800,0,0,0,940
108800,1,1,0,261
108851,0,0,0,937
108850,1,1,0,255
108901,0,0,0,942
108902,1,1,0,252
108952,0,0,0,936
108952,1,1,0,258
109001,0,0,0,952
109001,1,1,0,283
109050,0,0,0,946
109051,1,1,0,287
109100,0,0,0,948
109100,1,1,0,281
109151,0,0,0,953
109150,1,1,0,282
109200,0,0,0,945
109201,1,1,0,281
109251,0,0,0,952
109252,1,1,0,274
109301,0,0,0,946
109302,1,1,0,276
109352,0,0,0,946
109351,1,1,0,283
109402,0,0,0,941
109401,1,1,0,280
109451,0,0,0,941
109450,1,1,0,287
109501,0,0,0,948
109552,0,0,0,952
109552,1,1,0,291
109600,0,0,0,948
109602,1,1,0,283
109650,0,0,0,952
109650,1,1,0,278
109700,0,0,0,954
109702,1,1,0,284
109750,0,0,0,960
109750,1,1,0,280
109800,0,0,0,964
109801,1,1,0,281
109851,0,0,0,964
109852,1,1,0,276
109902,0,0,0,969
109901,1,1,0,276
109950,0,0,0,973
109951,1,1,0,272
110000,0,0,0,631
110002,1,0,0,927
110050,0,0,0,627
110052,1,0,0,925
110102,0,0,0,631
110102,1,0,0,925
110150,0,0,0,627
110152,1,0,0,926
110200,0,0,0,627
110202,1,0,0,927
110250,0,0,0,630
110252,1,0,0,919
110300,0,0,0,626
110301,1,0,0,921
110351,0,0,0,628
110352,1,0,0,917
110402,0,0,0,622
110402,1,0,0,924
110452,0,0,0,627
110451,1,0,0,917
110502,0,0,0,599
110500,1,0,0,900
110551,0,0,0,604
110550,1,0,0,894
110602,0,0,0,608
110601,1,0,0,900
110650,0,0,0,606
110651,1,0,0,894
110700,0,0,0,601
110700,1,0,0,895
110751,0,0,0,598
110752,1,0,0,893
110801,0,0,0,594
110802,1,0,0,899
110851,0,0,0,589
110850,1,0,0,904
110902,0,0,0,586
110901,1,0,0,897
110950,0,0,0,579
110951,1,0,0,897
111000,0,0,0,530
111001,1,0,0,853
111051,0,0,0,531
111050,1,0,0,849
111102,0,0,0,532
111102,1,0,0,843
111150,0,0,0,525
111152,1,0,0,843
111201,0,0,0,525
111202,1,0,0,836
111250,0,0,0,527
111250,1,0,0,831
111302,0,0,0,523
111301,1,0,0,829
111352,0,0,0,524
111352,1,0,0,830
111402,0,0,0,526
111402,1,0,0,823
111451,0,0,0,524
111451,1,0,0,819
111500,0,0,0,541
111502,1,0,0,837
111551,0,0,0,536
111552,1,0,0,839
111602,0,0,0,529
111600,1,0,0,834
111652,0,0,0,534
111650,1,0,0,831
111702,0,0,0,527
111700,1,0,0,836
111752,0,0,0,530
111752,1,0,0,832
111802,0,0,0,524
111802,1,0,0,832
111851,0,0,0,530
111850,1,0,0,831
111900,0,0,0,522
111901,1,0,0,825
111951,0,0,0,515
111952,1,0,0,819
112002,0,1,0,427
112001,1,1,0,307
112050,0,1,0,428
112052,1,1,0,301
112101,0,1,0,424
112102,1,1,0,299
112151,0,1,0,422
112151,1,1,0,292
112202,0,1,0,423
112202,1,1,0,296
112250,0,1,0,416
112252,1,1,0,290
112302,0,1,0,415
112301,1,1,0,287
112350,0,1,0,412
112350,1,1,0,280
112401,0,1,0,411
112400,1,1,0,273
112451,0,1,0,414
112451,1,1,0,267
112502,0,1,0,437
112502,1,1,0,290
112551,0,1,0,442
112550,1,1,0,288
112602,0,1,0,437
112600,1,1,0,289
112650,0,1,0,433
112652,1,1,0,283
112700,0,1,0,437
112700,1,1,0,280
112750,0,1,0,435
112750,1,1,0,284
112802,0,1,0,435
112800,1,1,0,278
112850,0,1,0,442
112851,1,1,0,279
112901,0,1,0,439
112901,1,1,0,272
112950,0,1,0,433
112951,1,1,0,266
113001,0,1,0,458
113002,1,1,0,289
113052,0,1,0,459
113052,1,1,0,293
113100,0,1,0,457
113102,1,1,0,295
113151,0,1,0,461
113152,1,1,0,302
113202,0,1,0,462
113200,1,1,0,305
113252,0,1,0,467
113250,1,1,0,306
113301,0,1,0,473
113300,1,1,0,309
113352,0,1,0,470
113352,1,1,0,301
113401,0,1,0,463
113400,1,1,0,298
113452,0,1,0,468
113452,1,1,0,293
113502,0,1,0,452
113500,1,1,0,287
113550,0,1,0,452
113552,1,1,0,283
113602,0,1,0,453
113601,1,1,0,275
113651,0,1,0,458
113651,1,1,0,280
113700,0,1,0,458
113700,1,1,0,283
113750,0,1,0,465
113752,1,1,0,290
113801,0,1,0,462
113801,1,1,0,292
113850,0,1,0,469
113851,1,1,0,286
113900,0,1,0,465
113900,1,1,0,285
113952,0,1,0,457
113951,1,1,0,286
114001,0,0,0,630
114002,0,1,0,377
114001,1,1,0,596
114050,0,0,0,637
114050,0,1,0,375
114050,1,0,0,476
114052,1,1,0,589
114100,0,0,0,641
114101,0,1,0,372
114102,1,0,0,481
114103,1,1,0,594
114152,0,0,0,633
114152,0,1,0,374
114151,1,0,0,478
114153,1,1,0,594
114200,0,0,0,633
114200,0,1,0,374
114200,1,0,0,470
114201,1,1,0,587
114250,0,0,0,633
114250,0,1,0,380
114252,1,0,0,465
114253,1,1,0,590
114300,0,0,0,640
114300,0,1,0,373
114302,1,0,0,468
114303,1,1,0,583
114352,0,0,0,636
114352,0,1,0,365
114350,1,0,0,470
114352,1,1,0,585
114402,0,0,0,629
114402,0,1,0,359
114401,1,0,0,466
114401,1,1,0,583
114451,0,0,0,631
114451,0,1,0,356
114452,1,0,0,464
114453,1,1,0,580
114500,0,0,0,648
114501,0,1,0,379
114502,1,0,0,479
114503,1,1,0,598
114550,0,0,0,645
114552,0,1,0,379
114550,1,0,0,471
114552,1,1,0,599
114602,0,0,0,642
114602,0,1,0,383
114600,1,0,0,473
114601,1,1,0,594
114651,0,0,0,641
114653,0,1,0,389
114651,1,0,0,466
114651,1,1,0,589
114700,0,0,0,643
114702,0,1,0,396
114702,1,0,0,461
114703,1,1,0,587
114750,0,0,0,644
114750,0,1,0,395
114751,1,0,0,467
114753,1,1,0,587
114800,0,0,0,646
114802,0,1,0,401
114800,1,0,0,462
114802,1,1,0,588
114851,0,0,0,648
114852,0,1,0,393
114850,1,0,0,465
114852,1,1,0,589
114901,0,0,0,652
114902,0,1,0,400
114901,1,0,0,470
114901,1,1,0,590
114951,0,0,0,646
114951,0,1,0,392
114951,1,0,0,462
114953,1,1,0,589
115002,0,0,0,696
115003,0,1,0,444
115001,1,0,0,510
115001,1,1,0,641
115050,0,0,0,690
115051,0,1,0,449
115050,1,0,0,507
115051,1,1,0,633
115100,0,0,0,694
115100,0,1,0,451
115102,1,0,0,511
115104,1,1,0,639
115151,0,0,0,697
115151,0,1,0,448
115151,1,0,0,506
115151,1,1,0,643
115200,0,0,0,692
115200,0,1,0,443
115202,1,0,0,506
115203,1,1,0,642
115251,0,0,0,692
115253,0,1,0,449
115252,1,0,0,508
115254,1,1,0,638
115300,0,0,0,690
115301,0,1,0,454
115300,1,0,0,504
115302,1,1,0,638
115352,0,0,0,695
115352,0,1,0,456
115352,1,0,0,498
115353,1,1,0,632
115402,0,0,0,701
115403,0,1,0,453
115401,1,0,0,505
115401,1,1,0,637
115450,0,0,0,705
115451,0,1,0,450
115450,1,0,0,502
115450,1,1,0,630
115501,0,0,0,694
115502,0,1,0,448
115501,1,0,0,493
115503,1,1,0,620
115552,0,0,0,696
115553,0,1,0,449
115552,1,0,0,485
115552,1,1,0,614
115601,0,0,0,699
115602,0,1,0,453
115602,1,0,0,477
115604,1,1,0,611
115650,0,1,0,460
115651,1,0,0,480
115652,1,1,0,615
115702,0,0,0,704
115702,0,1,0,465
115700,1,0,0,477
115700,1,1,0,615
115752,0,0,0,699
115753,0,1,0,461
115752,1,0,0,475
115754,1,1,0,610
115801,0,0,0,691
115801,0,1,0,462
115801,1,0,0,477
115801,1,1,0,615
115851,0,0,0,698
115853,0,1,0,457
115850,1,0,0,469
115850,1,1,0,610
115901,0,0,0,705
115901,0,1,0,453
115900,1,0,0,466
115900,1,1,0,602
115951,0,0,0,705
115952,0,1,0,457
115951,1,0,0,472
115951,1,1,0,607
116000,0,1,1,957
116000,1,0,0,10
116002,1,1,0,509
116051,0,1,0,951
116052,1,0,0,14
116053,1,1,0,514
116100,0,0,0,320
116101,0,1,0,945
116101,1,0,0,18
116102,1,1,0,509
116150,0,0,0,318
116150,0,1,0,938
116152,1,0,0,20
116152,1,1,0,501
116200,0,0,0,324
116200,0,1,0,931
116201,1,0,0,20
116203,1,1,0,493
116252,0,0,0,322
116252,0,1,0,929
116250,1,0,0,22
116250,1,1,0,500
116300,0,0,0,318
116301,0,1,0,924
116302,1,0,0,24
116303,1,1,0,492
116352,0,0,0,325
116353,0,1,0,927
116351,1,0,0,27
116351,1,1,0,489
116401,0,0,0,328
116402,0,1,0,927
116402,1,0,0,34
116403,1,1,0,496
116450,0,0,0,320
116451,1,0,0,34
116451,1,1,0,498
116502,0,0,0,302
116504,0,1,0,900
116500,1,0,0,18
116500,1,1,0,474
116552,0,0,0,305
116552,0,1,0,897
116551,1,0,0,12
116551,1,1,0,467
116601,0,0,0,309
116602,0,1,0,892
116600,1,0,0,4
116601,1,1,0,472
116650,0,0,0,310
116652,0,1,0,888
116652,1,0,0,3
116654,1,1,0,466
116701,0,0,0,305
116703,0,1,0,885
116702,1,0,0,4
116703,1,1,0,472
116752,0,0,0,297
116753,0,1,0,889
116750,1,0,0,0
116751,1,1,0,474
116801,0,0,0,295
116802,0,1,0,883
116802,1,0,0,0
116804,1,1,0,475
116852,0,0,0,288
116852,0,1,0,889
116851,1,0,0,0
116852,1,1,0,476
116900,0,0,0,283
116900,0,1,0,884
116900,1,0,0,0
116901,1,1,0,469
116952,0,0,0,289
116953,0,1,0,884
116952,1,0,0,0
116954,1,1,0,464
117001,0,0,0,317
117003,0,1,0,902
117002,1,0,0,22
117003,1,1,0,485
117050,0,0,0,311
117050,0,1,0,898
117051,1,0,0,27
117051,1,1,0,490
117101,0,0,0,303
117103,0,1,0,893
117102,1,0,0,29
117104,1,1,0,484
117150,0,0,0,301
117150,0,1,0,891
117151,1,0,0,30
117151,1,1,0,478
117201,0,0,0,293
117203,0,1,0,889
117202,1,0,0,35
117202,1,1,0,470
117251,0,0,0,298
117253,0,1,0,886
117250,1,0,0,27
117251,1,1,0,475
117302,0,0,0,296
117304,0,1,0,892
117300,1,0,0,27
117301,1,1,0,474
117352,0,0,0,296
117354,0,1,0,889
117350,1,0,0,23
117350,1,1,0,467
117400,0,0,0,289
117401,0,1,1,895
117400,1,0,0,19
117402,1,1,0,463
117450,0,0,0,285
117452,0,1,0,890
117452,1,0,0,17
117453,1,1,0,467
117502,0,0,0,268
117502,0,1,0,878
117500,1,0,0,1
117501,1,1,0,451
117552,0,0,0,263
117553,0,1,0,877
117551,1,0,0,0
117553,1,1,0,457
117600,0,0,0,267
117602,0,1,0,874
117602,1,0,0,0
117602,1,1,0,457
117652,0,0,0,268
117654,0,1,0,871
117650,1,0,0,4
117652,1,1,0,452
117701,0,0,0,267
117703,0,1,0,870
117702,1,0,0,0
117704,1,1,0,449
117750,0,0,0,274
117751,0,1,0,866
117751,1,0,0,7
117752,1,1,0,455
117800,0,0,0,271
117800,0,1,0,860
117800,1,0,0,11
117801,1,1,0,462
117850,0,0,0,273
117852,0,1,0,858
117852,1,0,0,12
117854,1,1,0,466
117900,0,0,0,269
117901,0,1,0,861
117902,1,0,0,19
117902,1,1,0,461
117951,0,0,0,268
117952,0,1,0,853
117952,1,0,0,22
117952,1,1,0,462
118002,0,0,0,766
118002,0,1,0,1021
118000,1,0,0,701
118000,1,1,0,584
118051,0,0,0,758
118051,0,1,0,1026
118051,1,0,0,695
118053,1,1,0,579
118102,0,0,0,750
118103,0,1,0,1027
118100,1,0,0,691
118101,1,1,0,581
118150,0,0,0,749
118150,0,1,0,1032
118151,1,0,0,694
118153,1,1,0,577
118202,0,0,0,753
118204,0,1,0,1031
118200,1,0,0,693
118202,1,1,0,570
118252,0,0,0,755
118254,0,1,0,1024
118251,1,0,0,693
118251,1,1,0,566
118302,0,0,0,762
118303,0,1,0,1027
118302,1,0,0,687
118304,1,1,0,563
118352,0,0,0,759
118354,0,1,0,1026
118351,1,0,0,694
118353,1,1,0,569
118402,0,0,0,751
118402,0,1,0,1033
118401,1,0,0,701
118403,1,1,0,576
118452,0,1,0,1035
118452,1,0,0,702
118454,1,1,0,569
118500,0,0,0,744
118501,0,1,0,1032
118502,1,0,0,692
118502,1,1,0,557
118551,0,0,0,739
118552,0,1,0,1037
118550,1,0,0,690
118552,1,1,0,563
118600,0,0,0,745
118601,0,1,0,1042
118601,1,0,0,695
118603,1,1,0,555
118650,0,0,0,748
118652,0,1,0,1043
118650,1,0,0,697
118651,1,1,0,553
118700,0,0,0,740
118702,0,1,0,1046
118702,1,0,0,702
118704,1,1,0,552
118751,0,0,0,746
118752,0,1,0,1041
118751,1,0,0,708
118753,1,1,0,549
118800,0,1,0,1034
118801,1,0,0,704
118802,1,1,0,552
118850,0,0,0,751
118852,0,1,0,1039
118851,1,0,0,708
118852,1,1,0,554
118901,0,0,0,755
118903,0,1,0,1045
118900,1,0,0,701
118900,1,1,0,561
118952,0,0,0,754
118954,0,1,0,1047
118952,1,0,0,701
118953,1,1,0,555
119000,0,0,0,813
119001,0,1,0,1105
119001,1,0,0,760
119002,1,1,0,601
119051,0,0,0,809
119051,0,1,0,1098
119052,1,0,0,756
119052,1,1,0,593
119102,0,1,0,1102
119102,1,0,0,760
119104,1,1,0,586
119150,0,0,0,816
119150,0,1,0,1109
119150,1,0,0,762
119152,1,1,0,588
119202,0,0,0,809
119204,0,1,0,1116
119200,1,0,0,754
119202,1,1,0,595
119252,0,0,0,814
119253,0,1,0,1120
119251,1,0,0,748
119252,1,1,0,601
119302,0,0,0,813
119304,0,1,0,1123
119302,1,0,0,754
119351,0,0,0,811
119353,0,1,0,1123
119352,1,0,0,749
119353,1,1,0,600
119401,0,0,0,810
119402,1,0,0,754
119404,1,1,0,594
119451,0,0,0,807
119451,0,1,0,1120
119451,1,0,0,759
119451,1,1,0,598
119500,0,0,0,784
119500,0,1,0,1102
119502,1,0,0,751
119502,1,1,0,583
119551,0,0,0,788
119551,0,1,0,1095
119551,1,0,0,749
119552,1,1,0,587
119602,0,0,0,780
119603,0,1,0,1100
119600,1,0,0,752
119600,1,1,0,579
119650,0,0,0,772
119650,0,1,0,1098
119651,1,0,0,751
119652,1,1,0,585
119702,0,0,0,768
119702,0,1,0,1099
119700,1,0,0,755
119702,1,1,0,584
119752,0,0,0,768
119753,0,1,0,1092
119752,1,0,0,749
119802,0,0,0,768
119802,0,1,0,1088
119800,1,0,0,754
119802,1,1,0,578
119852,0,0,0,760
119853,0,1,0,1089
119850,1,0,0,761
119852,1,1,0,575
119901,0,0,0,763
119901,0,1,0,1095
119900,1,0,0,766
119901,1,1,0,572
119951,0,0,0,762
119951,0,1,0,1089
119952,1,0,0,772
119953,1,1,0,568
