0,0,0,0,136
1,1,3,0,155
51,0,0,0,133
50,1,3,0,155
102,0,0,0,128
100,1,3,0,160
152,0,0,0,134
152,1,3,0,159
202,0,0,0,141
202,1,3,0,152
252,0,0,0,144
252,1,3,0,146
300,0,0,0,138
300,1,3,0,145
352,0,0,0,139
352,1,3,0,143
401,0,0,0,132
400,1,3,0,135
450,0,0,0,128
451,1,3,0,138
500,0,0,0,125
501,1,3,0,138
551,0,0,0,132
551,1,3,0,135
602,0,0,0,130
602,1,3,0,128
651,0,0,0,132
651,1,3,0,122
700,0,0,0,134
700,1,3,0,126
751,0,0,0,129
750,1,3,0,119
802,0,0,0,131
800,1,3,0,114
852,0,0,0,134
851,1,3,0,114
900,0,0,0,128
902,1,3,0,121
951,0,0,0,128
951,1,3,0,126
1000,0,0,0,54
1000,1,3,0,44
1051,0,0,0,60
1051,1,3,0,49
1102,0,0,0,64
1101,1,3,0,47
1150,0,0,0,63
1152,1,3,0,50
1200,0,0,0,65
1201,1,3,0,52
1250,0,0,0,62
1251,1,3,0,44
1300,0,0,0,59
1302,1,3,0,46
1352,0,0,0,65
1351,1,3,0,47
1401,0,0,0,60
1401,1,3,0,42
1452,0,0,0,60
1452,1,3,0,48
1502,0,0,0,45
1501,1,3,0,32
1550,0,0,0,41
1552,1,3,0,33
1602,0,0,0,38
1602,1,3,0,25
1651,0,0,0,33
1650,1,3,0,22
1701,0,0,0,37
1700,1,3,0,18
1750,0,0,0,43
1750,1,3,0,11
1802,0,0,0,43
1800,1,3,0,3
1852,0,0,0,43
1852,1,3,0,6
1901,0,0,0,44
1900,1,3,0,0
1950,0,0,0,49
1950,1,3,0,0
2002,0,3,0,197
2001,1,0,0,223
2051,0,3,0,192
2052,1,0,0,219
2102,0,3,0,189
2101,1,0,0,224
2152,0,3,0,193
2150,1,0,0,220
2201,0,3,0,199
2201,1,0,0,217
2251,0,3,0,201
2251,1,0,0,209
2300,0,3,0,208
2301,1,0,0,205
2351,0,3,0,215
2351,1,0,0,210
2400,0,3,0,221
2401,1,0,0,217
2451,0,3,0,219
2451,1,0,0,220
2501,0,3,0,219
2500,1,0,0,219
2552,0,3,0,215
2551,1,0,0,225
2601,0,3,0,214
2600,1,0,0,223
2652,0,3,0,206
2652,1,0,0,228
2700,0,3,0,203
2700,1,0,0,230
2751,0,3,0,209
2750,1,0,0,228
2801,0,3,0,210
2801,1,0,0,221
2850,0,3,0,203
2852,1,0,0,222
2902,0,3,0,206
2902,1,0,0,216
2951,0,3,0,206
2950,1,0,0,217
3001,0,3,0,124
3002,1,0,0,137
3050,0,3,0,119
3050,1,0,0,129
3100,0,3,0,120
3102,1,0,0,125
3151,0,3,0,117
3151,1,0,0,127
3200,0,3,0,120
3200,1,0,0,129
3250,0,3,0,118
3251,1,0,0,134
3301,0,3,0,116
3300,1,0,0,130
3351,0,3,0,108
3351,1,0,0,133
3401,0,3,0,114
3401,1,0,0,128
3452,0,3,0,108
3450,1,0,0,129
3500,0,3,0,120
3502,1,0,0,133
3550,0,3,0,124
3550,1,0,0,136
3602,0,3,0,117
3600,1,0,0,139
3650,0,3,0,119
3651,1,0,0,136
3702,0,3,0,114
3700,1,0,0,134
3750,0,3,0,117
3752,1,0,0,141
3800,0,3,0,121
3801,1,0,0,147
3852,0,3,0,124
3852,1,0,0,147
3900,0,3,0,121
3902,1,0,0,141
3952,0,3,0,120
3952,1,0,0,139
4001,0,0,0,173
4000,1,3,0,200
4050,0,0,0,169
4052,1,3,0,204
4101,0,0,0,167
4101,1,3,0,211
4152,0,0,0,166
4150,1,3,0,212
4200,0,0,0,161
4200,1,3,0,217
4251,0,0,0,159
4251,1,3,0,212
4300,0,0,0,160
4300,1,3,0,211
4350,0,0,0,162
4350,1,3,0,206
4402,0,0,0,156
4400,1,3,0,205
4452,0,0,0,162
4450,1,3,0,197
4502,0,0,0,135
4501,1,3,0,167
4551,0,0,0,128
4552,1,3,0,162
4600,0,0,0,126
4601,1,3,0,160
4650,0,0,1,122
4651,1,3,0,153
4700,0,0,0,117
4700,1,3,0,146
4752,0,0,0,109
4750,1,3,0,144
4802,0,0,0,101
4800,1,3,0,148
4852,0,0,0,106
4852,1,3,0,153
4902,0,0,0,112
4901,1,3,0,152
4951,0,0,0,111
4950,1,3,0,149
5000,0,0,0,46
5002,1,3,0,90
5052,0,0,0,46
5052,1,3,0,85
5102,0,0,0,45
5102,1,3,0,92
5150,0,0,0,48
5151,1,3,0,90
5202,0,0,0,50
5202,1,3,0,96
5252,0,0,0,46
5252,1,3,0,97
5300,0,0,0,52
5302,1,3,0,98
5351,0,0,0,48
5350,1,3,0,105
5400,0,0,0,49
5400,1,3,0,110
5451,0,0,0,49
5450,1,3,0,103
5501,0,0,0,38
5501,1,3,0,104
5551,0,0,0,45
5552,1,3,0,101
5602,0,0,0,46
5602,1,3,0,108
5650,0,0,0,41
5652,1,3,0,114
5701,0,0,0,41
5701,1,3,0,119
5752,0,0,0,47
5802,0,0,0,54
5801,1,3,0,119
5850,0,0,0,60
5850,1,3,0,113
5900,0,0,0,64
5902,1,3,0,112
5952,0,0,0,61
5951,1,3,0,112
6002,0,3,0,183
6000,1,0,0,129
6051,0,3,0,186
6050,1,0,0,123
6100,0,3,0,189
6101,1,0,0,125
6150,0,3,0,181
6151,1,0,0,117
6202,0,3,0,179
6200,1,0,0,118
6250,0,3,0,182
6251,1,0,0,124
6300,0,3,0,182
6302,1,0,0,117
6352,0,3,0,174
6350,1,0,0,109
6400,0,3,0,170
6402,1,0,0,111
6452,0,3,0,176
6452,1,0,0,104
6502,0,3,0,194
6501,1,0,0,110
6550,0,3,0,193
6552,1,0,0,113
6601,0,3,0,195
6601,1,0,0,110
6650,0,3,0,188
6652,1,0,0,102
6701,0,3,0,180
6700,1,0,0,103
6751,0,3,0,185
6751,1,0,0,103
6801,0,3,0,190
6802,1,0,0,108
6850,0,3,0,188
6852,1,0,0,105
6900,0,3,0,186
6901,1,0,0,103
6952,0,3,0,180
6951,1,0,0,96
7002,0,3,0,194
7002,1,0,0,111
7050,0,3,0,200
7101,0,3,0,202
7101,1,0,0,112
7150,0,3,0,200
7152,1,0,0,106
7202,0,3,0,197
7201,1,0,0,100
7251,0,3,0,196
7250,1,0,0,100
7302,0,3,0,199
7300,1,0,0,92
7350,0,3,0,194
7352,1,0,0,86
7401,0,3,0,189
7401,1,0,0,82
7450,0,3,0,184
7450,1,0,0,89
7502,0,3,0,195
7501,1,0,0,108
7552,0,3,0,199
7550,1,0,0,108
7601,0,3,0,200
7602,1,0,0,113
7652,0,3,0,205
7651,1,0,0,111
7702,0,3,0,211
7701,1,0,0,113
7752,0,3,0,207
7750,1,0,0,108
7801,0,3,0,206
7802,1,0,0,100
7851,0,3,0,205
7851,1,0,0,104
7902,0,3,0,212
7902,1,0,0,100
7950,0,3,0,204
7951,1,0,0,106
8000,0,1,0,88
8002,1,1,0,42
8052,0,1,0,92
8052,1,1,0,35
8102,0,1,0,85
8102,1,1,0,41
8150,0,1,0,86
8150,1,1,0,34
8201,0,1,0,86
8201,1,1,0,27
8250,0,1,0,84
8250,1,1,0,24
8300,0,1,0,77
8300,1,1,0,16
8352,0,1,0,83
8350,1,1,0,11
8400,0,1,0,89
8400,1,1,0,4
8452,0,1,0,94
8451,1,1,0,0
8500,0,1,0,94
8502,1,1,0,0
8552,0,1,0,96
8552,1,1,0,0
8600,0,1,0,98
8600,1,1,0,0
8652,0,1,0,93
8650,1,1,0,0
8701,0,1,0,87
8700,1,1,0,0
8751,0,1,0,94
8750,1,1,0,0
8800,0,1,0,99
8800,1,1,0,0
8852,0,1,0,97
8852,1,1,0,7
8900,0,1,1,102
8902,1,1,0,9
8951,0,1,0,100
8951,1,1,0,5
9002,0,1,0,83
9001,1,1,0,1
9050,0,1,0,90
9052,1,1,0,2
9100,0,1,0,93
9102,1,1,0,9
9151,0,1,0,90
9150,1,1,0,5
9202,0,1,0,88
9200,1,1,0,6
9252,0,1,0,82
9252,1,1,0,10
9302,0,1,0,88
9300,1,1,0,9
9350,0,1,0,85
9351,1,1,0,11
9402,0,1,0,83
9401,1,1,0,10
9450,0,1,0,83
9451,1,1,0,2
9502,0,1,0,92
9502,1,1,0,9
9550,0,1,0,99
9550,1,1,0,2
9600,0,1,0,94
9600,1,1,0,3
9651,0,1,0,101
9651,1,1,0,2
9700,0,1,0,105
9701,1,1,0,4
9751,0,1,0,102
9752,1,1,0,4
9801,0,1,0,104
9801,1,1,0,6
9852,0,1,0,107
9852,1,1,0,3
9900,0,1,0,109
9900,1,1,0,5
9951,0,1,0,108
9950,1,1,0,11
10000,0,3,0,41
10000,1,0,0,141
10050,0,3,0,38
10052,1,0,0,144
10101,0,3,0,34
10101,1,0,0,145
10152,0,3,0,38
10150,1,0,0,152
10201,0,3,0,42
10201,1,0,0,148
10252,0,3,0,39
10252,1,0,0,148
10301,1,0,0,146
10350,0,3,0,42
10351,1,0,0,149
10401,0,3,0,43
10401,1,0,0,151
10452,0,3,0,35
10452,1,0,0,153
10502,0,3,0,18
10502,1,0,0,135
10550,0,3,0,18
10551,1,0,0,136
10602,0,3,0,21
10602,1,0,0,128
10650,0,3,0,15
10650,1,0,0,135
10702,0,3,0,15
10702,1,0,1,138
10751,0,3,0,7
10752,1,0,0,130
10801,0,3,0,5
10800,1,0,0,122
10850,0,3,0,8
10850,1,0,0,117
10901,0,3,0,5
10901,1,0,0,123
10951,0,3,0,5
10952,1,0,0,124
11002,0,3,0,0
11050,0,3,0,4
11051,1,0,0,120
11102,0,3,0,7
11101,1,0,0,125
11150,0,3,0,1
11150,1,0,0,125
11201,0,3,0,5
11200,1,0,0,120
11251,0,3,0,0
11250,1,0,0,116
11300,0,3,0,6
11301,1,0,0,116
11352,0,3,0,1
11351,1,0,0,109
11402,0,3,0,1
11400,1,0,0,101
11451,0,3,0,2
11451,1,0,0,96
11500,0,3,0,9
11501,1,0,0,94
11550,0,3,0,3
11552,1,0,0,99
11602,0,3,0,2
11600,1,0,0,101
11651,0,3,0,0
11652,1,0,0,104
11700,0,3,0,0
11701,1,0,0,98
11751,0,3,0,6
11752,1,0,0,91
11800,0,3,0,10
11800,1,0,0,83
11850,0,3,0,9
11850,1,0,0,78
11901,0,3,0,3
11902,1,0,0,85
11952,0,3,0,0
11951,1,0,0,81
12002,0,0,0,187
12000,1,3,0,4
12052,0,0,0,188
12051,1,3,0,4
12100,0,0,0,185
12102,1,3,0,2
12151,0,0,0,180
12152,1,3,0,5
12200,0,0,0,182
12200,1,3,0,10
12252,0,0,0,175
12251,1,3,0,11
12301,0,0,0,179
12300,1,3,0,13
12352,0,0,0,184
12400,0,0,0,186
12402,1,3,0,20
12452,0,0,0,193
12451,1,3,0,15
12502,0,0,0,201
12501,1,3,0,21
12552,0,0,0,200
12550,1,3,0,27
12601,0,0,0,203
12601,1,3,0,34
12651,0,0,0,196
12651,1,3,0,28
12702,0,0,0,189
12702,1,3,0,35
12752,0,0,0,181
12750,1,3,0,27
12801,0,0,0,188
12802,1,3,0,29
12852,0,0,0,181
12851,1,3,0,22
12902,0,0,0,185
12952,0,0,0,188
12950,1,3,0,21
13002,0,0,0,193
13001,1,3,0,28
13050,0,0,0,188
13052,1,3,0,25
13101,0,0,0,190
13102,1,3,0,24
13150,0,0,0,184
13152,1,3,0,31
13202,0,0,0,191
13200,1,3,0,30
13250,0,0,0,197
13252,1,3,0,36
13301,0,0,0,201
13302,1,3,0,42
13350,0,0,0,193
13351,1,3,0,38
13400,0,0,0,189
13400,1,3,0,44
13451,0,0,0,182
13452,1,3,0,42
13500,0,0,0,166
13501,1,3,0,31
13550,0,0,0,172
13551,1,3,0,23
13602,0,0,0,172
13602,1,3,0,19
13650,0,0,0,173
13651,1,3,0,24
13700,0,0,0,179
13700,1,3,0,26
13750,0,0,0,175
13751,1,3,0,29
13800,0,0,0,171
13801,1,3,0,22
13851,0,0,0,166
13852,1,3,0,21
13900,0,0,0,169
13900,1,3,0,18
13952,0,0,0,176
13951,1,3,0,18
14002,0,2,0,249
14001,1,2,0,69
14052,0,2,0,251
14052,1,2,0,72
14102,0,2,0,247
14102,1,2,0,74
14150,0,2,0,241
14151,1,2,0,72
14200,0,2,0,240
14201,1,2,0,77
14250,0,2,0,237
14252,1,2,0,70
14302,0,2,0,242
14300,1,2,0,62
14352,0,2,0,243
14352,1,2,0,65
14401,0,2,0,240
14400,1,2,0,63
14450,0,2,0,237
14452,1,2,0,67
14502,0,2,0,226
14502,1,2,0,58
14552,0,2,0,220
14551,1,2,0,52
14602,0,2,0,216
14600,1,2,0,45
14650,0,2,0,211
14651,1,2,0,50
14701,0,2,0,217
14700,1,2,0,43
14752,0,2,0,217
14751,1,2,0,44
14802,0,2,0,214
14801,1,2,0,45
14850,0,2,0,207
14852,1,2,0,39
14900,0,2,0,214
14902,1,2,0,44
14950,0,2,0,219
14950,1,2,0,45
15002,0,2,0,266
15000,1,2,0,91
15052,0,2,0,267
15050,1,2,0,83
15101,0,2,0,262
15100,1,2,0,90
15150,0,2,0,262
15152,1,2,0,86
15200,0,2,0,254
15202,1,2,0,89
15251,0,2,0,260
15250,1,2,0,83
15300,0,2,1,266
15300,1,2,0,79
15351,0,2,0,260
15352,1,2,0,77
15400,1,2,0,69
15452,0,2,0,267
15450,1,2,0,73
15502,0,2,0,265
15501,1,2,0,71
15550,0,2,0,268
15550,1,2,0,73
15601,0,2,0,265
15601,1,2,0,67
15652,0,2,0,271
15651,1,2,0,61
15700,0,2,0,271
15702,1,2,0,64
15751,0,2,0,263
15752,1,2,0,61
15802,0,2,0,264
15801,1,2,0,53
15851,0,2,0,269
15852,1,2,0,47
15902,0,2,0,273
15902,1,2,0,51
15950,0,2,0,280
15950,1,2,0,45
16002,0,3,0,250
16002,1,3,0,195
16050,0,3,0,249
16051,1,3,0,201
16101,0,3,0,255
16101,1,3,0,195
16150,0,3,0,247
16151,1,3,0,196
16200,0,3,0,242
16201,1,3,0,201
16250,0,3,0,242
16250,1,3,0,203
16300,0,3,0,241
16300,1,3,0,204
16350,0,3,0,243
16350,1,3,0,196
16401,0,3,0,236
16400,1,3,0,195
16450,0,3,0,229
16452,1,3,0,189
16500,0,3,0,207
16502,1,3,0,172
16550,0,3,0,211
16550,1,3,0,168
16602,0,3,0,210
16600,1,3,0,174
16650,0,3,0,209
16652,1,3,0,173
16701,0,3,0,214
16701,1,3,0,172
16752,0,3,0,214
16751,1,3,0,172
16800,0,3,0,210
16801,1,3,0,177
16850,0,3,0,209
16851,1,3,0,171
16900,0,3,0,214
16901,1,3,0,172
16952,0,3,0,221
17001,0,3,0,269
17000,1,3,0,222
17051,0,3,0,272
17051,1,3,0,218
17101,0,3,0,279
17101,1,3,0,220
17152,1,3,0,219
17200,0,3,0,283
17202,1,3,0,225
17250,0,3,0,275
17251,1,3,0,226
17301,0,3,0,274
17302,1,3,0,229
17350,0,3,0,267
17351,1,3,0,224
17401,0,3,0,264
17401,1,3,0,217
17450,0,3,0,261
17452,1,3,0,221
17502,1,3,0,196
17551,0,3,0,256
17552,1,3,0,190
17602,0,3,0,254
17600,1,3,0,195
17652,0,3,0,248
17650,1,3,0,193
17700,0,3,0,250
17701,1,3,0,187
17752,0,3,0,251
17752,1,3,0,191
17802,0,3,0,244
17800,1,3,0,186
17850,0,3,0,247
17850,1,3,0,192
17901,0,3,0,246
17900,1,3,0,185
17952,0,3,0,240
17950,1,3,0,177
18000,0,0,0,12
18001,1,0,0,175
18050,0,0,0,17
18052,1,0,0,174
18101,0,0,0,16
18100,1,0,0,173
18152,0,0,0,18
18150,1,0,0,167
18200,0,0,0,25
18200,1,0,0,162
18252,0,0,0,22
18251,1,0,0,159
18302,0,0,0,21
18301,1,0,0,154
18352,0,0,0,23
18350,1,0,0,147
18400,0,0,0,26
18402,1,0,0,147
18450,0,0,0,31
18450,1,0,0,149
18502,0,0,0,3
18502,1,0,0,128
18552,0,0,0,1
18550,1,0,0,127
18601,0,0,0,8
18600,1,0,0,119
18651,0,0,0,9
18650,1,0,0,113
18700,0,0,0,12
18702,1,0,0,110
18750,0,0,0,18
18751,1,0,0,103
18802,0,0,0,19
18802,1,0,0,104
18851,0,0,0,24
18850,1,0,0,97
18902,0,0,0,25
18901,1,0,0,92
18952,0,0,0,24
18952,1,0,0,94
19001,0,0,0,0
19001,1,0,0,0
19050,0,0,0,0
19051,1,0,0,2
19102,0,0,0,0
19101,1,0,0,0
19151,0,0,0,5
19151,1,0,0,2
19201,0,0,0,1
19201,1,0,0,4
19252,0,0,0,0
19252,1,0,0,7
19302,0,0,0,0
19301,1,0,0,2
19351,0,0,0,0
19352,1,0,0,0
19401,0,0,0,4
19402,1,0,0,3
19450,0,0,0,0
19452,1,0,0,0
19501,0,0,0,0
19501,1,0,0,0
19550,0,0,0,0
19551,1,0,0,0
19600,0,0,0,5
19602,1,0,0,7
19650,0,0,0,12
19652,1,0,0,0
19701,0,0,0,4
19701,1,0,0,4
19751,0,0,0,0
19750,1,0,0,7
19801,0,0,0,5
19800,1,0,0,9
19852,0,0,0,8
19852,1,0,0,9
19901,0,0,0,7
19902,1,0,0,3
19952,0,0,0,2
19950,1,0,0,8
20002,0,3,0,184
20002,1,3,0,109
20052,0,3,0,183
20052,1,3,0,116
20100,0,3,0,177
20102,1,3,0,118
20151,0,3,0,182
20152,1,3,0,111
20201,0,3,0,176
20200,1,3,0,118
20250,0,3,0,173
20250,1,3,0,120
20302,0,3,0,179
20302,1,3,0,118
20352,0,3,0,177
20350,1,3,0,122
20400,0,3,0,179
20401,1,3,0,114
20452,0,3,0,184
20452,1,3,0,118
20502,0,3,0,175
20500,1,3,0,112
20551,0,3,0,179
20552,1,3,0,111
20602,0,3,0,184
20602,1,3,0,112
20650,0,3,0,182
20651,1,3,0,110
20701,0,3,0,181
20701,1,3,0,107
20751,0,3,0,187
20751,1,3,0,107
20802,0,3,0,192
20802,1,3,0,108
20850,0,3,0,192
20850,1,3,0,113
20902,0,3,0,196
20902,1,3,0,111
20950,0,3,0,201
20951,1,3,0,106
21002,0,3,0,133
21002,1,3,0,39
21050,0,3,0,126
21051,1,3,0,43
21101,0,3,0,130
21100,1,3,0,48
21151,0,3,0,125
21152,1,3,0,46
21202,0,3,0,123
21202,1,3,0,53
21250,1,3,0,51
21300,0,3,0,122
21301,1,3,0,51
21351,0,3,0,122
21350,1,3,0,49
21401,0,3,0,129
21400,1,3,0,43
21450,0,3,0,128
21450,1,3,0,43
21501,0,3,0,103
21502,1,3,0,12
21551,0,3,0,95
21552,1,3,0,4
21602,0,3,0,94
21602,1,3,0,0
21652,0,3,0,86
21652,1,3,0,0
21701,0,3,0,90
21702,1,3,0,0
21752,0,3,0,87
21752,1,3,0,3
21802,0,3,0,92
21800,1,3,0,3
21852,0,3,0,92
21851,1,3,0,9
21901,0,3,0,96
21901,1,3,0,11
21952,0,3,0,88
21951,1,3,0,7
22000,0,0,0,219
22002,1,0,0,88
22050,0,0,0,218
22050,1,0,0,87
22102,0,0,0,225
22102,1,0,0,90
22150,0,0,0,220
22151,1,0,0,83
22202,0,0,0,220
22200,1,0,0,80
22251,0,0,0,224
22251,1,0,0,81
22302,0,0,0,224
22302,1,0,0,76
22352,0,0,0,217
22350,1,0,0,72
22400,0,0,0,219
22401,1,0,0,72
22451,0,0,0,218
22450,1,0,0,77
22500,0,0,0,217
22502,1,0,0,72
22550,0,0,0,216
22550,1,0,0,69
22601,0,0,0,212
22601,1,0,0,69
22652,0,0,0,218
22652,1,0,0,66
22701,0,0,0,216
22700,1,0,0,66
22751,0,0,0,223
22752,1,0,0,64
22802,0,0,0,230
22801,1,0,0,66
22852,0,0,0,231
22850,1,0,0,69
22902,0,0,0,229
22901,1,0,1,74
22950,0,0,0,222
22950,1,0,0,80
23000,0,0,0,226
23002,1,0,0,92
23052,0,0,0,218
23052,1,0,0,96
23102,0,0,0,221
23102,1,0,0,101
23152,0,0,0,227
23151,1,0,0,95
23202,0,0,0,220
23202,1,0,0,101
23250,0,0,0,214
23250,1,0,0,97
23300,0,0,0,211
23302,1,0,0,101
23351,0,0,0,215
23350,1,0,0,95
23401,0,0,0,210
23402,1,0,0,89
23452,0,0,0,202
23452,1,0,0,94
23502,0,0,0,225
23502,1,0,0,109
23550,0,0,0,221
23551,1,0,0,105
23600,0,0,0,225
23601,1,0,0,102
23652,0,0,0,217
23650,1,0,0,103
23702,0,0,0,218
23702,1,0,0,103
23751,0,0,0,211
23751,1,0,0,95
23801,0,0,0,210
23802,1,0,0,100
23851,0,0,0,208
23852,1,0,0,99
23900,0,0,0,213
23902,1,0,0,105
23951,0,0,0,205
23951,1,0,0,103
24001,0,1,0,192
24001,1,1,0,25
24051,0,1,0,184
24050,1,1,0,27
24102,0,1,0,185
24100,1,1,0,20
24152,0,1,0,187
24150,1,1,0,21
24200,0,1,0,186
24202,1,1,0,28
24251,0,1,0,181
24251,1,1,0,30
24302,0,1,0,180
24301,1,1,0,27
24350,0,1,0,175
24350,1,1,0,31
24400,0,1,0,180
24400,1,1,0,29
24452,0,1,0,182
24451,1,1,0,27
24502,0,1,0,170
24501,1,1,0,15
24550,0,1,0,164
24550,1,1,0,19
24601,0,1,0,164
24601,1,1,0,20
24652,0,1,0,164
24650,1,1,0,20
24702,0,1,0,163
24701,1,1,0,20
24750,0,1,0,156
24751,1,1,0,19
24800,0,1,0,162
24800,1,1,0,18
24851,0,1,0,160
24852,1,1,0,16
24900,0,1,0,155
24902,1,1,0,20
24951,0,1,0,155
24951,1,1,0,15
25002,0,1,0,96
25000,1,1,0,0
25051,0,1,0,98
25051,1,1,0,0
25101,0,1,0,101
25101,1,1,0,0
25151,0,1,0,107
25152,1,1,0,5
25200,0,1,0,109
25202,1,1,0,2
25252,0,1,0,107
25250,1,1,0,2
25300,0,1,0,111
25301,1,1,0,6
25352,0,1,0,111
25352,1,1,0,5
25402,0,1,0,108
25401,1,1,0,6
25450,0,1,0,107
25450,1,1,0,0
25502,0,1,0,115
25500,1,1,0,5
25550,0,1,0,108
25552,1,1,0,0
25601,0,1,0,115
25601,1,1,0,1
25652,0,1,0,119
25651,1,1,0,5
25701,0,1,0,112
25702,1,1,0,0
25750,0,1,0,112
25751,1,1,0,5
25801,0,1,0,106
25802,1,1,0,9
25851,0,1,0,111
25851,1,1,0,13
25901,0,1,0,106
25902,1,1,0,20
25950,0,1,0,101
25952,1,1,0,12
26000,0,2,0,30
26001,1,2,0,102
26052,0,2,0,35
26050,1,2,0,95
26102,0,2,0,32
26102,1,2,0,100
26152,0,2,0,36
26150,1,2,0,102
26202,0,2,0,32
26200,1,2,0,106
26252,0,2,0,31
26251,1,2,0,105
26300,0,2,0,32
26301,1,2,0,109
26351,0,2,0,34
26351,1,2,0,116
26400,0,2,0,29
26400,1,2,0,112
26452,0,2,0,23
26452,1,2,0,114
26501,0,2,0,15
26502,1,2,0,112
26550,0,2,0,14
26552,1,2,0,109
26600,0,2,0,9
26601,1,2,0,116
26651,0,2,0,6
26650,1,2,0,123
26702,0,2,0,0
26701,1,2,0,130
26752,0,2,0,7
26751,1,2,0,133
26802,0,2,0,0
26800,1,2,0,126
26850,0,2,0,0
26851,1,2,0,128
26900,0,2,0,0
26902,1,2,0,128
26952,0,2,0,0
26952,1,2,0,123
27001,0,2,0,15
27002,1,2,0,141
27050,0,2,0,19
27052,1,2,0,135
27100,0,2,0,19
27101,1,2,0,140
27150,0,2,0,26
27152,1,2,0,143
27201,0,2,0,26
27200,1,2,0,149
27250,0,2,0,19
27252,1,2,0,149
27302,0,2,0,25
27302,1,2,0,147
27351,0,2,0,21
27352,1,2,0,152
27400,0,2,0,21
27400,1,2,0,147
27451,0,2,0,21
27451,1,2,0,153
27501,0,2,0,2
27500,1,2,1,134
27552,0,2,0,1
27550,1,2,0,131
27600,0,2,0,0
27601,1,2,0,132
27651,0,2,0,0
27650,1,2,0,124
27701,0,2,0,0
27702,1,2,0,116
27750,0,2,0,0
27752,1,2,0,111
27802,0,2,0,7
27800,1,2,0,108
27851,0,2,0,9
27850,1,2,0,101
27901,0,2,0,15
27900,1,2,0,106
27950,0,2,0,12
27950,1,2,0,106
28000,0,0,0,113
28001,1,0,0,82
28052,0,0,0,113
28052,1,0,0,85
28102,0,0,0,109
28102,1,0,0,91
28152,0,0,0,111
28152,1,0,0,91
28200,0,0,0,117
28202,1,0,0,84
28252,0,0,0,116
28252,1,0,0,78
28300,0,0,0,116
28300,1,0,0,79
28350,0,0,0,118
28351,1,0,0,71
28402,0,0,0,118
28400,1,0,0,76
28451,0,0,0,125
28452,1,0,0,68
28501,0,0,0,130
28500,1,0,0,77
28551,0,0,0,122
28550,1,0,0,78
28602,0,0,0,124
28601,1,0,0,71
28650,0,0,0,128
28652,1,0,0,65
28700,0,0,0,121
28702,1,0,0,64
28751,0,0,0,122
28752,1,0,0,63
28801,0,0,0,119
28802,1,0,0,66
28850,0,0,0,111
28852,1,0,0,68
28902,0,0,0,114
28902,1,0,0,70
28951,0,0,0,115
28951,1,0,0,74
29000,0,0,0,112
29000,1,0,0,60
29050,0,0,0,115
29052,1,0,0,66
29101,0,0,0,118
29102,1,0,0,67
29150,0,0,0,114
29150,1,0,0,74
29200,0,0,0,109
29202,1,0,0,75
29252,0,0,0,109
29250,1,0,0,82
29301,0,0,0,104
29301,1,0,0,78
29350,0,0,0,96
29351,1,0,0,70
29400,0,0,0,90
29402,1,0,0,75
29450,0,0,0,95
29452,1,0,0,82
29500,0,0,0,87
29501,1,0,0,69
29552,0,0,0,90
29551,1,0,0,68
29602,0,0,0,88
29602,1,0,0,66
29651,0,0,0,81
29652,1,0,0,68
29701,0,0,0,80
29702,1,0,0,68
29752,0,0,0,73
29752,1,0,0,60
29801,0,0,0,80
29800,1,0,0,63
29850,0,0,0,77
29851,1,0,0,56
29901,0,0,0,83
29900,1,0,0,61
29950,0,0,0,84
29951,1,0,0,56
30000,0,3,0,229
30002,1,3,0,131
30050,0,3,0,231
30051,1,3,0,137
30100,0,3,0,223
30100,1,3,0,142
30152,0,3,0,224
30151,1,3,0,145
30201,0,3,0,223
30200,1,3,0,148
30250,1,3,0,145
30300,0,3,0,224
30301,1,3,0,139
30350,0,3,0,221
30350,1,3,0,144
30401,0,3,0,215
30402,1,3,0,142
30451,0,3,0,208
30452,1,3,0,144
30501,0,3,0,196
30501,1,3,0,135
30552,0,3,0,197
30550,1,3,0,131
30602,0,3,0,203
30600,1,3,0,123
30651,0,3,0,203
30652,1,3,0,117
30700,0,3,0,210
30701,1,3,0,113
30750,0,3,0,210
30750,1,3,0,105
30802,0,3,0,211
30801,1,3,0,112
30852,0,3,0,213
30852,1,3,0,116
30902,0,3,0,205
30901,1,3,0,110
30952,0,3,0,197
30950,1,3,0,113
31000,0,3,0,286
31000,1,3,0,206
31051,0,3,0,292
31051,1,3,0,205
31101,0,3,0,292
31100,1,3,0,209
31151,0,3,0,294
31151,1,3,0,207
31201,0,3,0,292
31200,1,3,0,205
31250,0,3,0,287
31250,1,3,0,200
31300,0,3,0,283
31300,1,3,0,199
31352,0,3,0,284
31352,1,3,0,200
31402,0,3,1,286
31400,1,3,0,199
31451,0,3,0,283
31452,1,3,0,192
31501,0,3,0,269
31502,1,3,0,179
31550,0,3,0,263
31550,1,3,0,184
31601,0,3,0,266
31600,1,3,1,191
31650,0,3,0,264
31652,1,3,0,185
31701,0,3,0,264
31702,1,3,0,191
31750,0,3,0,256
31751,1,3,0,186
31802,0,3,0,261
31802,1,3,0,187
31850,0,3,0,266
31850,1,3,0,179
31901,0,3,0,270
31902,1,3,0,179
31951,0,3,0,262
31952,1,3,0,186
32001,0,2,0,93
32001,1,1,0,212
32051,0,2,0,92
32052,1,1,0,211
32102,0,2,0,94
32100,1,1,0,212
32152,0,2,0,87
32150,1,1,0,219
32200,0,2,0,85
32202,1,1,0,218
32251,0,2,0,80
32251,1,1,0,225
32301,0,2,0,73
32300,1,1,0,229
32351,0,2,0,65
32351,1,1,0,223
32400,0,2,0,67
32400,1,1,0,222
32451,0,2,0,64
32451,1,1,0,227
32502,0,2,0,48
32501,1,1,0,211
32550,0,2,0,50
32552,1,1,0,216
32601,0,2,0,53
32602,1,1,0,219
32650,0,2,0,58
32650,1,1,0,218
32700,0,2,0,53
32700,1,1,0,219
32751,0,2,0,58
32751,1,1,0,216
32802,0,2,0,58
32800,1,1,0,213
32851,0,2,0,60
32850,1,1,0,216
32901,0,2,0,63
32901,1,1,0,218
32952,0,2,0,63
32950,1,1,0,220
33001,0,2,0,6
33000,1,1,0,165
33052,0,2,0,4
33050,1,1,0,162
33101,0,2,0,0
33100,1,1,0,168
33150,0,2,0,5
33151,1,1,0,167
33202,0,2,0,6
33200,1,1,0,168
33251,0,2,0,12
33251,1,1,0,168
33300,0,2,0,15
33300,1,1,0,175
33350,0,2,0,21
33352,1,1,0,172
33401,0,2,0,13
33400,1,1,0,175
33452,0,2,0,11
33452,1,1,0,168
33501,0,2,0,25
33502,1,1,0,172
33550,0,2,0,23
33552,1,1,0,176
33600,0,2,0,20
33602,1,1,0,180
33650,0,2,0,19
33652,1,1,0,182
33700,0,2,0,24
33701,1,1,0,177
33752,0,2,0,21
33752,1,1,0,170
33801,0,2,0,15
33802,1,1,0,162
33852,0,2,0,13
33852,1,1,0,155
33902,0,2,0,5
33900,1,1,0,147
33951,0,2,0,3
33952,1,1,0,141
34000,0,3,0,225
34001,1,0,0,237
34052,0,3,0,222
34051,1,0,0,231
34100,0,3,0,215
34101,1,0,0,225
34151,0,3,0,216
34150,1,0,0,232
34202,0,3,0,220
34202,1,0,0,224
34251,0,3,0,223
34250,1,0,0,229
34301,0,3,0,230
34301,1,0,0,229
34352,0,3,0,237
34351,1,0,0,223
34401,0,3,0,233
34402,1,0,0,221
34452,0,3,0,229
34452,1,0,0,225
34500,0,3,0,252
34500,1,0,0,242
34552,0,3,0,248
34551,1,0,0,243
34600,0,3,0,248
34602,1,0,0,245
34651,0,3,0,244
34650,1,0,0,237
34700,0,3,0,251
34700,1,0,0,232
34750,0,3,0,258
34750,1,0,0,236
34800,0,3,0,263
34802,1,0,0,229
34852,0,3,0,263
34851,1,0,0,221
34902,0,3,0,258
34900,1,0,0,220
34950,0,3,0,251
34950,1,0,0,223
35001,0,3,0,156
35001,1,0,0,134
35050,0,3,0,155
35050,1,0,0,136
35100,0,3,0,160
35100,1,0,0,142
35151,0,3,0,159
35152,1,0,0,137
35200,0,3,0,163
35200,1,0,0,143
35250,0,3,0,161
35250,1,0,0,149
35301,0,3,0,163
35301,1,0,0,154
35352,0,3,0,164
35351,1,0,0,147
35400,0,3,0,163
35400,1,0,0,150
35450,0,3,0,164
35450,1,0,0,143
35500,0,3,0,143
35501,1,0,0,125
35551,0,3,0,136
35550,1,0,0,131
35601,0,3,0,137
35600,1,0,0,137
35650,0,3,0,143
35650,1,0,0,139
35702,1,0,0,141
35750,0,3,0,139
35750,1,0,0,143
35800,0,3,0,143
35801,1,0,0,141
35852,0,3,0,136
35850,1,0,0,134
35901,0,3,0,137
35902,1,0,0,136
35950,0,3,0,132
35951,1,0,0,142
36002,0,1,0,90
36000,1,2,0,118
36051,0,1,0,90
36051,1,2,0,114
36101,0,1,0,83
36100,1,2,0,114
36151,0,1,0,89
36151,1,2,0,114
36201,0,1,0,91
36202,1,2,0,120
36251,0,1,0,83
36252,1,2,0,119
36300,0,1,0,88
36300,1,2,0,111
36351,0,1,0,89
36350,1,2,0,105
36401,0,1,0,94
36402,1,2,0,100
36451,0,1,0,98
36451,1,2,0,92
36502,0,1,0,95
36500,1,2,0,79
36552,0,1,0,100
36550,1,2,0,86
36601,0,1,0,107
36602,1,2,0,92
36652,0,1,0,110
36651,1,2,0,89
36702,0,1,0,114
36701,1,2,0,85
36752,0,1,0,108
36750,1,2,0,80
36802,0,1,0,108
36801,1,2,0,80
36852,0,1,0,104
36850,1,2,0,82
36900,0,1,0,98
36901,1,2,0,78
36950,0,1,0,101
36950,1,2,0,81
37001,0,1,0,147
37002,1,2,0,134
37050,0,1,0,143
37052,1,2,0,138
37100,0,1,0,143
37102,1,2,0,142
37150,0,1,0,144
37150,1,2,0,139
37201,0,1,0,137
37202,1,2,0,145
37252,0,1,0,132
37251,1,2,0,137
37301,0,1,0,132
37300,1,2,0,138
37352,0,1,0,125
37350,1,2,0,138
37401,0,1,0,127
37402,1,2,0,133
37450,0,1,0,129
37450,1,2,0,125
37501,0,1,0,147
37501,1,2,0,141
37550,0,1,0,152
37551,1,2,0,138
37601,0,1,0,149
37600,1,2,0,131
37651,0,1,0,141
37651,1,2,0,127
37702,0,1,0,136
37700,1,2,0,127
37750,0,1,0,128
37752,1,2,0,122
37801,0,1,0,124
37800,1,2,0,118
37852,0,1,0,118
37851,1,2,0,111
37901,0,1,0,121
37902,1,2,0,115
37951,0,1,0,128
37951,1,2,0,113
38002,0,0,0,198
38002,1,3,0,67
38051,0,0,0,200
38051,1,3,0,69
38100,0,0,0,198
38101,1,3,0,65
38150,0,0,0,198
38150,1,3,0,59
38202,0,0,0,196
38202,1,3,0,52
38250,0,0,0,199
38252,1,3,0,57
38302,0,0,0,204
38301,1,3,0,62
38351,0,0,0,199
38352,1,3,0,63
38402,0,0,0,192
38400,1,3,0,57
38451,0,0,0,197
38451,1,3,0,63
38502,0,0,0,213
38502,1,3,0,75
38550,0,0,0,220
38550,1,3,0,78
38601,0,0,0,227
38600,1,3,0,83
38651,0,0,0,231
38652,1,3,0,83
38701,0,0,0,227
38701,1,3,0,85
38751,0,0,0,228
38752,1,3,0,90
38801,0,0,0,223
38801,1,3,0,91
38850,0,0,0,229
38850,1,3,0,97
38902,0,0,0,224
38902,1,3,0,99
38950,0,0,0,223
38950,1,3,0,98
39001,0,0,0,243
39001,1,3,0,116
39052,0,0,0,235
39050,1,3,0,115
39101,0,0,0,239
39101,1,3,0,114
39150,1,3,0,120
39202,1,3,0,118
39252,0,0,0,245
39252,1,3,0,121
39302,0,0,0,245
39300,1,3,0,118
39351,0,0,0,246
39350,1,3,0,112
39401,0,0,0,245
39402,1,3,0,109
39451,0,0,0,248
39450,1,3,0,112
39500,0,0,0,252
39502,1,3,0,123
39551,0,0,0,248
39551,1,3,0,118
39602,0,0,0,249
39602,1,3,0,124
39652,0,0,0,248
39650,1,3,0,116
39700,0,0,0,248
39702,1,3,0,112
39750,0,0,0,242
39752,1,3,0,113
39802,0,0,0,236
39800,1,3,0,106
39850,0,0,0,228
39901,0,0,0,230
39901,1,3,0,100
39952,0,0,0,228
39952,1,3,0,106
40001,0,3,0,180
40001,1,0,0,129
40050,0,3,0,179
40051,1,0,0,125
40101,0,3,0,179
40100,1,0,0,124
40150,0,3,0,185
40151,1,0,0,123
40202,0,3,0,184
40201,1,0,0,130
40251,0,3,0,179
40251,1,0,0,129
40302,0,3,0,177
40301,1,0,0,126
40350,0,3,0,183
40350,1,0,0,125
40400,0,3,0,177
40402,1,0,0,120
40451,0,3,0,179
40451,1,0,0,118
40502,0,3,0,182
40500,1,0,0,133
40551,0,3,0,189
40551,1,0,0,129
40600,0,3,0,189
40601,1,0,0,135
40652,0,3,0,194
40651,1,0,0,132
40700,0,3,0,189
40700,1,0,0,139
40751,0,3,0,187
40750,1,0,0,136
40802,0,3,0,180
40801,1,0,0,139
40852,0,3,0,178
40850,1,0,0,135
40901,0,3,0,171
40900,1,0,0,141
40950,0,3,0,176
40950,1,0,0,141
41001,0,3,0,128
41000,1,0,0,99
41050,0,3,0,130
41052,1,0,0,101
41101,0,3,0,126
41100,1,0,0,108
41152,0,3,0,133
41152,1,0,0,108
41202,0,3,0,127
41200,1,0,0,111
41251,0,3,0,133
41252,1,0,0,111
41302,0,3,0,134
41302,1,0,0,108
41352,0,3,0,136
41351,1,0,0,110
41401,0,3,0,133
41400,1,0,0,115
41451,0,3,0,133
41450,1,0,0,118
41500,0,3,0,122
41502,1,0,0,101
41551,0,3,0,117
41551,1,0,0,107
41600,0,3,0,109
41600,1,0,0,111
41652,0,3,0,115
41652,1,0,0,114
41702,0,3,0,113
41700,1,0,0,107
41752,0,3,0,108
41752,1,0,0,105
41800,0,3,0,112
41801,1,0,0,110
41852,0,3,0,105
41852,1,0,0,104
41900,0,3,0,103
41902,1,0,0,103
41951,0,3,0,110
41951,1,0,0,99
42000,0,0,0,208
42001,1,3,0,90
42052,0,0,0,211
42050,1,3,0,85
42102,0,0,0,215
42100,1,3,0,88
42152,0,0,0,220
42150,1,3,0,93
42202,0,0,0,221
42202,1,3,0,96
42252,0,0,0,218
42251,1,3,0,98
42302,0,0,0,214
42301,1,3,0,105
42352,0,0,0,206
42351,1,3,0,105
42400,0,0,0,204
42401,1,3,0,105
42450,0,0,0,210
42452,1,3,0,106
42501,0,0,0,231
42500,1,3,0,124
42551,0,0,0,229
42551,1,3,0,117
42601,0,0,0,236
42601,1,3,0,116
42650,0,0,0,232
42652,1,3,0,110
42702,0,0,0,230
42702,1,3,0,111
42750,0,0,0,237
42752,1,3,0,103
42801,0,0,0,243
42800,1,3,0,101
42852,0,0,0,240
42852,1,3,0,108
42902,0,0,0,238
42900,1,3,0,105
42950,0,0,0,231
42950,1,3,0,98
43001,0,0,0,258
43001,1,3,0,124
43051,0,0,0,254
43052,1,3,0,128
43100,0,0,0,261
43101,1,3,0,135
43150,0,0,0,257
43150,1,3,0,137
43201,0,0,0,249
43202,1,3,0,130
43251,0,0,0,254
43250,1,3,0,133
43302,0,0,0,258
43302,1,3,0,130
43351,0,0,0,253
43352,1,3,0,130
43400,0,0,0,248
43401,1,3,0,127
43451,0,0,0,254
43451,1,3,0,120
43500,0,0,0,266
43502,1,3,0,125
43551,0,0,0,265
43550,1,3,0,123
43601,0,0,0,263
43602,1,3,0,123
43650,0,0,0,267
43651,1,3,0,123
43700,0,0,0,270
43701,1,3,0,118
43750,1,3,0,117
43802,0,0,0,268
43800,1,3,0,111
43850,0,0,0,263
43852,1,3,0,110
43901,0,0,0,260
43900,1,3,0,107
43950,0,0,0,257
43950,1,3,0,99
44002,0,3,0,167
44000,1,0,0,31
44050,0,3,0,172
44052,1,0,0,34
44100,0,3,0,167
44100,1,0,0,38
44150,0,3,0,168
44151,1,0,0,42
44202,0,3,0,167
44202,1,0,0,46
44251,1,0,0,41
44300,0,3,0,168
44302,1,0,0,37
44351,0,3,0,168
44350,1,0,0,34
44400,0,3,0,169
44402,1,0,0,34
44450,0,3,0,165
44452,1,0,0,26
44502,0,3,0,148
44500,1,0,0,0
44551,0,3,0,141
44550,1,0,0,4
44600,0,3,0,145
44601,1,0,0,1
44652,0,3,0,149
44650,1,0,0,0
44700,0,3,0,141
44701,1,0,0,3
44752,0,3,0,147
44751,1,0,0,0
44800,0,3,0,140
44801,1,0,0,0
44851,0,3,0,146
44852,1,0,0,6
44901,0,3,0,140
44900,1,0,0,4
44951,0,3,0,138
44952,1,0,0,6
45000,0,3,0,44
45001,1,0,0,0
45052,0,3,0,38
45051,1,0,0,1
45102,0,3,0,35
45100,1,0,0,0
45152,0,3,0,36
45151,1,0,0,0
45201,0,3,0,29
45202,1,0,0,2
45250,0,3,0,24
45250,1,0,0,0
45302,0,3,0,26
45302,1,0,0,0
45350,0,3,0,32
45350,1,0,0,0
45401,0,3,0,28
45401,1,0,0,3
45450,0,3,0,27
45450,1,0,0,7
45501,0,3,0,54
45502,1,0,0,33
45551,0,3,0,57
45551,1,0,0,36
45602,0,3,0,56
45602,1,0,0,38
45652,0,3,0,63
45651,1,0,0,36
45701,0,3,0,61
45700,1,0,0,32
45751,0,3,0,62
45750,1,0,0,37
45801,0,3,0,69
45801,1,0,0,34
45851,0,3,0,71
45851,1,0,0,32
45902,0,3,0,63
45902,1,0,0,26
45952,0,3,0,68
45952,1,0,0,18
46002,0,0,0,75
46000,1,3,0,131
46051,0,0,0,67
46051,1,3,0,128
46102,0,0,0,68
46101,1,3,0,132
46150,0,0,0,69
46151,1,3,0,137
46202,0,0,0,73
46201,1,3,0,135
46252,0,0,0,70
46252,1,3,0,139
46301,0,0,0,68
46302,1,3,0,145
46352,0,0,0,68
46352,1,3,0,144
46402,0,0,0,62
46401,1,3,0,141
46452,0,0,0,63
46451,1,3,0,134
46502,0,0,0,58
46500,1,3,0,127
46552,0,0,0,51
46550,1,3,0,122
46600,0,0,0,51
46601,1,3,0,119
46652,0,0,0,57
46651,1,3,0,114
46702,0,0,0,59
46701,1,3,0,112
46751,0,0,0,64
46750,1,3,0,104
46801,0,0,0,68
46801,1,3,0,104
46850,0,0,0,65
46851,1,3,0,106
46902,0,0,0,58
46901,1,3,0,107
46950,0,0,0,63
46950,1,3,0,101
47001,0,0,0,115
47001,1,3,0,157
47050,1,3,0,157
47101,0,0,0,121
47102,1,3,0,161
47150,0,0,0,127
47152,1,3,0,167
47200,0,0,0,130
47202,1,3,0,168
47250,0,0,0,127
47252,1,3,0,173
47302,0,0,0,128
47302,1,3,0,172
47351,0,0,0,133
47350,1,3,0,177
47400,0,0,0,129
47401,1,3,0,182
47450,0,0,0,136
47450,1,3,0,189
47502,0,0,0,112
47500,1,3,0,158
47552,0,0,0,114
47550,1,3,0,162
47600,0,0,0,118
47600,1,3,0,168
47651,0,0,0,110
47652,1,3,0,162
47702,0,0,0,115
47700,1,3,0,157
47752,0,0,0,112
47750,1,3,0,157
47802,0,0,0,110
47801,1,3,0,152
47851,0,0,0,110
47850,1,3,0,150
47901,0,0,0,106
47901,1,3,0,147
47951,0,0,0,104
47951,1,3,0,154
48000,0,2,0,188
48000,1,2,0,110
48051,0,2,0,195
48052,1,2,0,107
48100,0,2,0,199
48102,1,2,0,100
48150,0,2,0,197
48150,1,2,0,95
48202,0,2,0,192
48202,1,2,0,93
48251,0,2,0,185
48251,1,2,0,99
48300,0,2,0,185
48300,1,2,0,104
48350,0,2,0,177
48351,1,2,0,111
48402,0,2,0,181
48402,1,2,0,117
48451,0,2,0,174
48452,1,2,0,119
48501,0,2,0,193
48500,1,2,0,130
48551,0,2,0,186
48551,1,2,0,130
48602,0,2,0,183
48600,1,2,0,129
48650,0,2,0,175
48650,1,2,0,129
48701,0,2,0,179
48701,1,2,0,124
48750,0,2,0,174
48750,1,2,0,117
48800,0,2,0,179
48802,1,2,0,116
48851,0,2,0,182
48850,1,2,0,111
48900,0,2,0,178
48900,1,2,0,103
48951,0,2,0,181
48950,1,2,0,105
49002,0,2,0,92
49000,1,2,0,26
49051,0,2,0,98
49050,1,2,0,32
49101,0,2,0,92
49100,1,2,0,24
49152,0,2,0,85
49152,1,2,0,16
49201,0,2,0,87
49200,1,2,0,13
49252,0,2,0,81
49252,1,2,0,19
49300,0,2,0,77
49301,1,2,0,19
49352,0,2,0,72
49350,1,2,0,15
49400,0,2,0,73
49402,1,2,0,19
49451,0,2,0,69
49451,1,2,0,23
49501,0,2,0,88
49500,1,2,0,34
49552,0,2,0,80
49550,1,2,0,27
49600,0,2,0,83
49602,1,2,0,23
49651,0,2,0,84
49652,1,2,0,27
49701,0,2,0,88
49701,1,2,0,24
49751,0,2,0,84
49752,1,2,0,25
49800,0,2,0,90
49800,1,2,0,20
49852,0,2,0,85
49851,1,2,0,24
49902,0,2,0,87
49900,1,2,0,24
49950,0,2,0,79
49950,1,2,0,16
50000,0,0,0,198
50000,1,0,0,154
50050,0,0,0,194
50050,1,0,0,152
50101,0,0,0,190
50102,1,0,0,148
50150,0,0,0,184
50152,1,0,0,147
50200,0,0,0,180
50202,1,0,0,146
50251,0,0,0,183
50251,1,0,0,139
50302,0,0,0,183
50302,1,0,0,140
50350,0,0,0,190
50352,1,0,0,143
50400,0,0,0,192
50400,1,0,0,146
50450,0,0,0,196
50451,1,0,0,145
50502,0,0,0,207
50502,1,0,0,155
50551,0,0,0,213
50552,1,0,0,160
50600,0,0,0,207
50602,1,0,0,158
50651,0,0,0,211
50701,0,0,0,210
50700,1,0,0,157
50751,0,0,0,203
50750,1,0,0,154
50800,0,0,0,201
50801,1,0,0,152
50850,0,0,0,194
50852,1,0,0,146
50901,0,0,0,190
50900,1,0,0,140
50951,0,0,0,186
50950,1,0,0,137
51001,0,0,0,249
51001,1,0,0,209
51050,0,0,0,242
51101,0,0,0,249
51100,1,0,0,201
51151,0,0,0,249
51150,1,0,0,197
51202,0,0,0,246
51200,1,0,0,193
51250,0,0,0,243
51250,1,0,0,190
51300,0,0,0,250
51301,1,0,0,195
51352,0,0,0,242
51352,1,0,0,200
51401,0,0,0,244
51400,1,0,0,204
51450,0,0,0,250
51450,1,0,0,208
51500,0,0,0,266
51501,1,0,0,229
51551,0,0,0,259
51550,1,0,0,222
51602,0,0,0,255
51601,1,0,0,218
51650,0,0,0,261
51650,1,0,0,215
51702,0,0,0,261
51702,1,0,0,210
51751,0,0,0,257
51752,1,0,0,211
51802,0,0,0,261
51851,0,0,0,257
51851,1,0,0,210
51901,0,0,0,262
51901,1,0,0,203
51952,0,0,0,260
51951,1,0,0,206
52002,0,3,0,239
52000,1,3,0,59
52051,0,3,0,232
52052,1,3,0,59
52101,0,3,0,235
52102,1,3,0,65
52151,0,3,0,235
52151,1,3,0,59
52201,0,3,0,231
52202,1,3,0,54
52251,0,3,0,235
52252,1,3,0,53
52302,0,3,0,238
52302,1,3,0,54
52350,0,3,0,239
52350,1,3,0,59
52402,0,3,0,239
52402,1,3,0,54
52452,0,3,0,235
52451,1,3,0,57
52502,0,3,0,259
52502,1,3,0,74
52551,0,3,0,251
52552,1,3,0,81
52600,0,3,0,249
52602,1,3,0,77
52652,0,3,0,248
52651,1,3,0,70
52700,0,3,0,244
52701,1,3,0,62
52752,0,3,0,239
52751,1,3,0,68
52802,0,3,0,231
52801,1,3,0,60
52851,0,3,0,234
52852,1,3,0,54
52902,0,3,0,232
52900,1,3,0,47
52951,0,3,0,230
52951,1,3,0,42
53001,0,3,0,172
53000,1,3,0,5
53050,0,3,0,172
53051,1,3,0,5
53102,0,3,0,176
53100,1,3,0,7
53150,0,3,0,183
53152,1,3,0,4
53200,0,3,0,185
53200,1,3,0,0
53251,0,3,0,183
53251,1,3,0,0
53302,0,3,0,176
53302,1,3,0,0
53351,0,3,0,183
53352,1,3,0,0
53400,0,3,0,178
53401,1,3,0,0
53450,0,3,0,178
53451,1,3,0,0
53501,0,3,0,194
53501,1,3,0,27
53550,0,3,0,196
53551,1,3,0,29
53601,0,3,0,191
53601,1,3,0,28
53651,0,3,0,187
53650,1,3,0,27
53700,0,3,0,187
53701,1,3,0,27
53751,0,3,0,192
53752,1,3,0,30
53802,0,3,0,188
53800,1,3,0,32
53852,0,3,0,183
53851,1,3,0,35
53902,0,3,0,187
53902,1,3,0,35
53950,0,3,0,190
53952,1,3,0,32
54000,0,1,0,123
54001,1,1,0,34
54050,0,1,0,119
54050,1,1,0,32
54101,0,1,0,120
54101,1,1,0,39
54150,0,1,0,120
54151,1,1,0,40
54202,0,1,0,115
54200,1,1,0,46
54250,0,1,0,107
54250,1,1,0,46
54301,0,1,0,113
54302,1,1,0,39
54350,0,1,0,113
54352,1,1,0,36
54400,0,1,0,116
54400,1,1,0,35
54451,0,1,0,112
54450,1,1,0,34
54500,0,1,0,122
54502,1,1,0,45
54550,0,1,0,128
54552,1,1,0,37
54601,0,1,0,125
54600,1,1,0,30
54652,0,1,0,124
54652,1,1,0,32
54701,0,1,0,122
54702,1,1,0,37
54751,0,1,0,117
54750,1,1,0,43
54800,0,1,0,113
54800,1,1,0,41
54850,0,1,0,110
54851,1,1,0,45
54901,0,1,0,103
54901,1,1,0,47
54951,0,1,0,98
54950,1,1,0,47
55002,0,1,0,151
55000,1,1,0,92
55050,0,1,0,151
55050,1,1,0,92
55100,0,1,0,144
55101,1,1,0,86
55152,0,1,0,146
55152,1,1,0,84
55200,0,1,0,149
55200,1,1,0,82
55250,0,1,0,154
55252,1,1,0,85
55300,0,1,0,156
55302,1,1,0,85
55352,0,1,0,162
55351,1,1,0,86
55401,0,1,0,154
55402,1,1,0,79
55450,0,1,0,159
55452,1,1,0,77
55500,0,1,0,137
55500,1,1,0,63
55551,0,1,0,131
55550,1,1,0,62
55602,0,1,0,128
55602,1,1,0,54
55651,0,1,0,120
55650,1,1,0,52
55702,0,1,0,124
55701,1,1,0,51
55751,0,1,0,131
55752,1,1,0,51
55801,0,1,0,123
55800,1,1,0,55
55850,0,1,0,115
55851,1,1,0,58
55902,0,1,0,116
55900,1,1,0,57
55950,0,1,0,109
55951,1,1,0,64
56001,0,0,0,96
56002,1,0,0,27
56050,0,0,0,99
56050,1,0,0,20
56100,0,0,0,91
56102,1,0,0,19
56151,0,0,0,89
56151,1,0,0,25
56200,0,0,0,92
56202,1,0,0,21
56250,0,0,0,85
56250,1,0,0,23
56302,0,0,0,83
56301,1,0,0,25
56351,0,0,0,79
56352,1,0,0,21
56400,0,0,0,78
56400,1,0,0,21
56451,0,0,0,70
56451,1,0,0,15
56500,0,0,0,87
56502,1,0,0,34
56550,0,0,0,79
56551,1,0,0,30
56602,0,0,0,86
56602,1,0,0,36
56650,0,0,0,85
56651,1,0,0,28
56702,0,0,0,84
56700,1,0,0,25
56752,0,0,0,90
56752,1,0,0,18
56800,0,0,0,96
56801,1,0,0,18
56850,0,0,0,89
56851,1,0,0,12
56902,0,0,0,93
56900,1,0,0,4
56952,0,0,0,99
56950,1,0,0,0
57002,0,0,0,73
57000,1,0,0,0
57051,0,0,0,73
57052,1,0,0,1
57100,0,0,0,73
57101,1,0,0,0
57151,0,0,0,66
57150,1,0,0,0
57201,0,0,0,60
57202,1,0,0,0
57251,0,0,0,56
57251,1,0,0,4
57300,0,0,0,58
57302,1,0,0,5
57350,0,0,0,50
57351,1,0,0,11
57402,0,0,0,49
57402,1,0,0,13
57452,0,0,0,47
57450,1,0,0,19
57501,0,0,0,45
57502,1,0,0,11
57551,0,0,0,42
57551,1,0,0,11
57602,0,0,0,35
57601,1,0,0,15
57652,0,0,0,31
57651,1,0,0,13
57702,0,0,0,24
57700,1,0,0,17
57751,0,0,0,27
57751,1,0,0,9
57801,0,0,0,22
57800,1,0,0,12
57852,0,0,0,16
57852,1,0,0,11
57901,0,0,0,17
57900,1,0,0,16
57952,0,0,0,14
57950,1,0,0,17
58002,0,0,0,228
58001,1,3,0,9
58052,0,0,0,222
58052,1,3,0,4
58102,0,0,0,215
58102,1,3,0,0
58151,0,0,0,222
58152,1,3,0,0
58202,0,0,0,227
58200,1,3,0,2
58251,0,0,0,231
58251,1,3,0,0
58301,0,0,0,231
58301,1,3,0,0
58350,0,0,0,228
58352,1,3,0,0
58400,0,0,0,229
58402,1,3,0,0
58452,0,0,0,235
58451,1,3,0,3
58501,0,0,0,214
58500,1,3,0,0
58551,0,0,0,211
58550,1,3,0,0
58601,0,0,0,215
58601,1,3,0,0
58650,0,0,0,215
58651,1,3,0,0
58701,0,0,0,209
58701,1,3,0,6
58752,0,0,0,202
58752,1,3,0,1
58800,0,0,0,197
58801,1,3,0,8
58851,0,0,0,199
58851,1,3,0,10
58901,0,0,0,198
58902,1,3,0,4
58951,0,0,0,204
58950,1,3,0,0
59001,0,0,0,168
59002,1,3,0,5
59052,0,0,0,163
59051,1,3,0,1
59101,0,0,0,168
59102,1,3,0,1
59151,0,0,0,173
59151,1,3,0,0
59202,0,0,0,178
59201,1,3,0,0
59252,0,0,0,174
59252,1,3,0,4
59300,0,0,0,177
59301,1,3,0,1
59351,0,0,0,178
59351,1,3,0,3
59400,0,0,0,182
59402,1,3,0,0
59452,0,0,0,178
59450,1,3,0,0
59500,0,0,0,202
59500,1,3,0,29
59550,0,0,0,205
59550,1,3,0,32
59600,0,0,0,211
59601,1,3,0,35
59650,0,0,0,215
59651,1,3,0,34
59701,0,0,0,210
59701,1,3,0,34
59750,0,0,0,202
59751,1,3,0,31
59802,0,0,0,207
59800,1,3,0,27
59852,0,0,0,207
59852,1,3,0,26
59902,0,0,0,204
59900,1,3,0,21
59950,0,0,0,210
59950,1,3,0,20
60002,0,0,0,9
60001,1,0,0,10
60050,0,0,0,13
60050,1,0,0,5
60101,0,0,0,10
60102,1,0,0,4
60150,0,0,0,13
60152,1,0,0,11
60200,0,0,0,15
60202,1,0,0,4
60250,0,0,0,20
60250,1,0,0,9
60300,0,0,0,26
60300,1,0,0,3
60352,0,0,0,31
60350,1,0,0,10
60402,0,0,0,29
60402,1,0,0,11
60451,0,0,0,30
60452,1,0,0,10
60500,0,0,0,20
60501,1,0,0,0
60550,0,0,0,24
60551,1,0,0,5
60600,0,0,0,31
60601,1,0,0,9
60652,0,0,0,38
60651,1,0,0,6
60700,0,0,0,38
60701,1,0,0,9
60751,0,0,0,33
60751,1,0,0,16
60800,0,0,0,27
60801,1,0,0,22
60852,0,0,0,28
60851,1,0,0,25
60902,0,0,0,31
60900,1,0,0,32
60950,0,0,0,38
60952,1,0,0,26
61001,0,0,0,12
61000,1,0,0,0
61051,0,0,0,18
61050,1,0,0,7
61101,0,0,0,12
61101,1,0,0,14
61152,0,0,0,15
61151,1,0,0,9
61202,0,0,0,15
61200,1,0,0,14
61251,0,0,0,12
61251,1,0,0,14
61302,0,0,0,4
61302,1,0,0,16
61352,0,0,0,5
61351,1,0,0,11
61402,0,0,0,6
61402,1,0,0,8
61450,0,0,0,13
61451,1,0,0,5
61500,0,0,0,10
61500,1,0,0,5
61550,0,0,0,13
61551,1,0,0,6
61601,0,0,0,7
61601,1,0,0,7
61651,0,0,0,8
61650,1,0,0,14
61701,0,0,0,1
61700,1,0,0,14
61751,0,0,0,2
61752,1,0,0,16
61800,0,0,0,7
61800,1,0,0,23
61852,0,0,0,2
61850,1,0,0,27
61901,0,0,0,4
61902,1,0,0,28
61950,0,0,0,4
61952,1,0,0,23
62000,0,3,0,94
62001,1,3,0,111
62050,0,3,0,87
62052,1,3,0,108
62100,0,3,0,86
62102,1,3,0,102
62150,0,3,0,84
62151,1,3,0,108
62201,0,3,0,86
62201,1,3,0,108
62251,0,3,0,86
62251,1,3,0,102
62301,0,3,0,82
62301,1,3,0,103
62351,0,3,0,85
62350,1,3,0,107
62402,0,3,0,90
62401,1,3,0,112
62452,0,3,0,94
62450,1,3,0,105
62500,0,3,0,75
62500,1,3,0,91
62551,0,3,0,75
62551,1,3,0,95
62600,0,3,0,74
62601,1,3,0,99
62652,0,3,0,75
62652,1,3,0,101
62701,0,3,0,77
62700,1,3,0,102
62752,0,3,0,76
62752,1,3,0,97
62802,0,3,0,69
62800,1,3,0,90
62852,0,3,0,67
62851,1,3,0,94
62900,0,3,0,69
62901,1,3,0,87
62950,0,3,0,72
62951,1,3,0,84
63001,0,3,0,165
63000,1,3,0,177
63052,0,3,0,165
63052,1,3,0,181
63102,0,3,0,172
63102,1,3,0,176
63152,0,3,0,176
63151,1,3,0,168
63202,0,3,0,172
63202,1,3,0,164
63250,0,3,0,167
63252,1,3,0,161
63301,0,3,0,166
63301,1,3,0,164
63351,0,3,0,170
63351,1,3,0,169
63402,0,3,0,177
63402,1,3,0,173
63451,0,3,0,176
63450,1,3,0,170
63500,0,3,0,155
63501,1,3,0,155
63552,0,3,0,149
63552,1,3,0,154
63601,0,3,0,150
63600,1,3,0,159
63651,0,3,0,150
63651,1,3,0,160
63700,0,3,0,155
63700,1,3,0,163
63750,0,3,0,157
63752,1,3,0,164
63801,0,3,0,153
63802,1,3,0,158
63850,0,3,0,151
63850,1,3,0,165
63900,0,3,0,149
63902,1,3,0,160
63951,0,3,0,152
63952,1,3,0,155
64002,0,1,0,58
64000,1,2,0,140
64051,0,1,0,63
64050,1,2,0,133
64101,0,1,0,55
64100,1,2,0,129
64151,0,1,0,48
64152,1,2,0,122
64200,0,1,0,54
64200,1,2,0,121
64251,0,1,0,50
64252,1,2,0,119
64301,0,1,0,43
64301,1,2,0,115
64352,0,1,0,36
64350,1,2,0,122
64402,0,1,0,37
64402,1,2,0,126
64452,0,1,0,29
64452,1,2,0,121
64500,0,1,0,3
64501,1,2,0,99
64551,0,1,0,0
64552,1,2,0,99
64602,0,1,0,3
64602,1,2,0,98
64650,0,1,0,0
64652,1,2,0,102
64701,0,1,0,4
64700,1,2,0,94
64752,0,1,0,6
64752,1,2,0,87
64800,0,1,0,8
64800,1,2,0,86
64850,0,1,0,1
64852,1,2,0,89
64901,0,1,0,0
64900,1,2,0,88
64950,0,1,0,0
64950,1,2,0,81
65001,0,1,0,4
65002,1,2,0,2
65052,0,1,0,4
65051,1,2,0,5
65100,0,1,0,9
65101,1,2,0,7
65152,0,1,0,15
65151,1,2,0,4
65201,0,1,0,18
65200,1,2,0,0
65252,0,1,0,16
65252,1,2,0,7
65302,0,1,0,10
65300,1,2,0,8
65352,0,1,0,4
65352,1,2,0,11
65402,0,1,0,9
65402,1,2,0,6
65451,0,1,0,2
65450,1,2,0,2
65500,0,1,0,14
65500,1,2,0,22
65552,0,1,1,8
65550,1,2,0,15
65602,0,1,0,9
65602,1,2,0,9
65652,0,1,0,10
65651,1,2,0,7
65700,0,1,0,10
65701,1,2,0,2
65752,0,1,0,7
65752,1,2,0,0
65800,0,1,0,10
65802,1,2,0,0
65851,0,1,0,12
65852,1,2,0,2
65901,0,1,0,15
65901,1,2,0,0
65950,0,1,0,20
65950,1,2,0,3
66000,0,2,0,103
66000,1,1,0,144
66050,0,2,0,106
66050,1,1,0,136
66101,0,2,0,112
66102,1,1,0,130
66152,0,2,0,105
66150,1,1,0,131
66200,0,2,0,98
66202,1,1,0,125
66252,0,2,0,92
66251,1,1,0,128
66301,0,2,0,98
66302,1,1,0,124
66352,0,2,0,94
66352,1,1,0,118
66402,0,2,0,88
66400,1,1,0,114
66452,0,2,0,87
66450,1,1,0,109
66500,0,2,0,63
66502,1,1,0,88
66552,0,2,0,67
66552,1,1,0,92
66600,0,2,0,69
66601,1,1,0,95
66652,0,2,0,67
66651,1,1,0,90
66700,0,2,0,72
66701,1,1,0,82
66752,0,2,0,77
66751,1,1,0,89
66801,0,2,0,76
66802,1,1,0,90
66850,0,2,0,74
66851,1,1,0,87
66902,0,2,0,66
66902,1,1,0,90
66950,0,2,0,58
66951,1,1,0,91
67000,0,2,0,7
67002,1,1,0,13
67050,0,2,0,8
67052,1,1,0,14
67101,0,2,0,14
67100,1,1,0,9
67150,0,2,0,12
67151,1,1,0,2
67201,0,2,0,19
67202,1,1,0,0
67251,0,2,0,15
67251,1,1,0,0
67300,0,2,0,13
67302,1,1,0,3
67352,0,2,0,13
67351,1,1,0,0
67402,0,2,0,13
67400,1,1,0,6
67452,0,2,0,5
67450,1,1,0,12
67502,0,2,0,23
67501,1,1,0,17
67552,0,2,0,28
67551,1,1,0,13
67602,0,2,0,25
67600,1,1,0,14
67650,0,2,0,23
67650,1,1,0,8
67701,0,2,0,18
67702,1,1,0,4
67752,0,2,0,21
67752,1,1,0,5
67802,0,2,0,15
67802,1,1,0,5
67850,0,2,0,19
67851,1,1,0,0
67901,0,2,0,15
67901,1,1,0,7
67951,0,2,0,14
67951,1,1,0,5
68002,0,0,0,59
68001,1,3,0,84
68051,0,0,0,59
68051,1,3,0,90
68100,0,0,0,53
68100,1,3,0,93
68152,0,0,0,49
68152,1,3,0,87
68201,0,0,0,54
68202,1,3,0,86
68252,0,0,0,52
68250,1,3,0,86
68302,0,0,0,45
68301,1,3,0,84
68351,0,0,0,42
68351,1,3,0,90
68402,0,0,0,41
68400,1,3,0,88
68450,0,0,0,38
68450,1,3,0,81
68501,0,0,0,60
68502,1,3,0,103
68552,0,0,0,65
68552,1,3,0,95
68602,0,0,0,57
68600,1,3,0,102
68650,0,0,0,57
68652,1,3,0,97
68702,0,0,0,49
68752,0,0,0,52
68752,1,3,0,93
68800,0,0,0,50
68801,1,3,0,88
68851,0,0,0,48
68851,1,3,0,81
68902,1,3,0,82
68952,0,0,0,42
68952,1,3,0,88
69001,0,0,0,49
69001,1,3,0,96
69052,0,0,0,53
69050,1,3,0,90
69101,0,0,0,52
69100,1,3,0,83
69151,0,0,0,45
69152,1,3,0,89
69202,0,0,0,39
69202,1,3,0,83
69250,0,0,0,45
69250,1,3,0,81
69301,0,0,0,50
69300,1,3,0,73
69352,0,0,0,51
69351,1,3,0,67
69401,0,0,0,58
69402,1,3,0,63
69451,0,0,0,64
69452,1,3,0,59
69502,0,0,0,77
69500,1,3,0,72
69552,0,0,0,77
69551,1,3,0,67
69600,0,0,0,76
69602,1,3,0,72
69652,0,0,0,81
69652,1,3,0,66
69701,0,0,0,83
69700,1,3,0,71
69750,0,0,0,78
69753,1,3,0,66
69802,0,0,0,70
69802,1,3,0,69
69852,0,0,0,67
69852,1,3,0,72
69902,0,0,0,70
69901,1,3,0,72
69951,0,0,0,69
69951,1,3,0,64
70000,0,3,0,143
70000,1,0,0,2
70051,0,3,0,136
70050,1,0,0,7
70102,0,3,0,137
70100,1,0,0,8
70152,0,3,0,142
70152,1,0,0,10
70201,0,3,0,142
70201,1,0,0,10
70252,0,3,0,144
70252,1,0,0,9
70302,0,3,0,146
70302,1,0,0,9
70350,0,3,0,146
70352,1,0,0,13
70400,0,3,0,142
70401,1,0,0,11
70452,0,3,0,137
70452,1,0,0,4
70501,0,3,0,127
70500,1,0,0,0
70550,0,3,0,122
70552,1,0,0,0
70602,0,3,0,129
70600,1,0,0,0
70652,0,3,0,133
70652,1,0,0,0
70700,0,3,0,136
70701,1,0,0,3
70752,0,3,0,130
70752,1,0,0,7
70802,0,3,0,123
70802,1,0,0,13
70852,0,3,0,130
70852,1,0,0,6
70901,0,3,0,126
70900,1,0,0,1
70950,0,3,0,126
70952,1,0,0,0
71000,0,3,0,48
71002,1,0,0,0
71052,0,3,0,44
71052,1,0,0,1
71102,0,3,0,50
71101,1,0,0,4
71152,0,3,0,53
71151,1,0,0,0
71201,0,3,0,57
71202,1,0,0,6
71251,0,3,0,53
71251,1,0,0,4
71301,0,3,0,58
71300,1,0,0,0
71352,0,3,0,55
71351,1,0,0,0
71402,0,3,0,53
71400,1,0,0,0
71452,0,3,0,45
71451,1,0,0,6
71502,0,3,0,59
71501,1,0,0,16
71552,0,3,0,55
71552,1,0,0,11
71600,0,3,0,48
71602,1,0,0,3
71650,0,3,0,53
71651,1,0,0,0
71702,0,3,0,45
71700,1,0,0,0
71752,0,3,0,48
71752,1,0,0,0
71802,0,3,0,47
71800,1,0,0,0
71851,0,3,0,53
71852,1,0,0,0
71901,0,3,0,50
71901,1,0,0,0
71950,0,3,0,47
71950,1,0,0,0
72002,0,2,0,132
72002,1,3,0,152
72052,0,2,0,128
72051,1,3,0,157
72100,0,2,0,121
72102,1,3,0,160
72151,0,2,0,123
72151,1,3,0,161
72200,0,2,0,117
72200,1,3,0,167
72252,0,2,0,113
72250,1,3,0,163
72300,0,2,0,107
72300,1,3,0,169
72351,0,2,0,108
72352,1,3,0,169
72400,0,2,0,106
72400,1,3,0,164
72451,0,2,0,107
72450,1,3,0,167
72501,0,2,0,92
72500,1,3,0,159
72551,0,2,0,99
72552,1,3,0,160
72601,0,2,0,91
72602,1,3,0,161
72650,0,2,0,91
72650,1,3,0,157
72701,0,2,0,94
72701,1,3,0,150
72750,0,2,0,87
72752,1,3,0,146
72801,0,2,0,82
72800,1,3,0,151
72850,0,2,0,76
72852,1,3,0,149
72902,0,2,0,70
72900,1,3,0,156
72951,0,2,0,75
72952,1,3,0,157
73002,0,2,0,102
73002,1,3,0,175
73051,0,2,0,106
73050,1,3,0,169
73102,0,2,0,105
73101,1,3,0,166
73151,0,2,0,99
73151,1,3,0,163
73202,0,2,0,96
73201,1,3,0,168
73250,0,2,0,94
73251,1,3,0,161
73301,0,2,0,93
73302,1,3,0,159
73351,0,2,0,88
73352,1,3,0,166
73402,0,2,0,84
73402,1,3,0,169
73452,0,2,0,83
73450,1,3,0,162
73502,0,2,0,75
73502,1,3,0,140
73550,0,2,0,74
73550,1,3,0,134
73601,0,2,0,78
73602,1,3,0,132
73651,0,2,0,74
73650,1,3,0,133
73701,0,2,0,69
73700,1,3,0,140
73750,0,2,0,68
73750,1,3,0,135
73800,0,2,0,63
73801,1,3,0,136
73852,0,2,0,69
73852,1,3,0,131
73902,0,2,0,68
73901,1,3,0,134
73951,0,2,0,63
73951,1,3,0,135
74000,0,1,0,161
74001,1,0,0,59
74050,0,1,0,168
74052,1,0,0,62
74101,0,1,0,169
74100,1,0,0,60
74150,0,1,0,165
74151,1,0,0,58
74202,0,1,0,157
74200,1,0,0,51
74250,0,1,0,161
74250,1,0,0,50
74301,0,1,0,155
74300,1,0,0,51
74352,0,1,0,148
74350,1,0,0,49
74402,0,1,0,144
74400,1,0,0,43
74450,0,1,0,150
74450,1,0,0,42
74500,0,1,0,126
74502,1,0,0,18
74551,0,1,0,122
74551,1,0,0,24
74601,0,1,0,121
74600,1,0,0,22
74651,0,1,0,119
74652,1,0,0,16
74701,0,1,0,119
74702,1,0,0,14
74750,0,1,0,121
74750,1,0,0,21
74801,0,1,0,126
74801,1,0,0,16
74850,0,1,0,124
74850,1,0,0,9
74902,0,1,0,120
74902,1,0,0,14
74950,0,1,0,120
74950,1,0,0,13
75001,0,1,0,152
75001,1,0,0,51
75051,0,1,0,149
75050,1,0,0,58
75102,0,1,0,151
75100,1,0,0,62
75150,0,1,0,149
75151,1,0,0,58
75200,0,1,0,147
75202,1,0,0,53
75252,0,1,0,141
75251,1,0,0,48
75300,0,1,0,148
75301,1,0,0,52
75350,0,1,0,154
75350,1,0,0,49
75401,0,1,0,161
75402,1,0,0,53
75450,0,1,0,154
75450,1,0,0,52
75502,0,1,0,151
75502,1,0,0,45
75552,0,1,0,149
75552,1,0,0,38
75600,0,1,0,141
75600,1,0,0,34
75652,0,1,0,137
75650,1,0,0,38
75702,0,1,0,138
75700,1,0,0,35
75752,0,1,0,133
75752,1,0,0,28
75802,0,1,0,128
75800,1,0,0,29
75851,0,1,0,125
75852,1,0,0,30
75902,0,1,0,128
75900,1,0,0,23
75950,0,1,0,120
75952,1,0,0,22
76000,0,3,0,23
76002,1,3,0,96
76051,0,3,0,24
76052,1,3,0,103
76100,0,3,0,17
76102,1,3,0,110
76152,0,3,0,21
76152,1,3,0,111
76202,0,3,0,25
76201,1,3,1,115
76252,0,3,0,25
76251,1,3,0,118
76300,0,3,0,19
76300,1,3,0,116
76352,0,3,0,18
76351,1,3,0,111
76400,0,3,0,24
76402,1,3,0,112
76450,0,3,0,24
76452,1,3,0,105
76500,0,3,0,28
76501,1,3,0,109
76552,0,3,0,23
76552,1,3,0,103
76602,0,3,0,23
76601,1,3,0,105
76650,0,3,0,21
76651,1,3,0,102
76702,0,3,0,19
76700,1,3,0,105
76751,0,3,0,24
76752,1,3,0,100
76801,0,3,0,27
76802,1,3,0,98
76850,0,3,0,26
76850,1,3,0,93
76900,0,3,0,33
76900,1,3,0,99
76951,0,3,0,31
76952,1,3,0,105
77001,0,3,0,0
77001,1,3,0,26
77051,0,3,0,0
77050,1,3,0,22
77102,0,3,0,0
77100,1,3,0,19
77150,0,3,0,0
77150,1,3,0,13
77200,0,3,0,0
77200,1,3,0,5
77250,0,3,0,2
77251,1,3,0,2
77300,0,3,0,1
77302,1,3,0,0
77351,0,3,0,0
77351,1,3,0,0
77402,0,3,0,0
77402,1,3,0,5
77450,0,3,0,2
77450,1,3,0,0
77502,0,3,0,0
77500,1,3,0,0
77551,0,3,0,0
77551,1,3,0,3
77601,0,3,0,0
77602,1,3,0,5
77650,0,3,0,0
77652,1,3,0,3
77701,0,3,0,0
77701,1,3,0,2
77751,0,3,0,0
77750,1,3,0,5
77802,0,3,0,0
77801,1,3,0,3
77851,0,3,0,1
77852,1,3,0,0
77900,0,3,0,5
77900,1,3,0,0
77950,0,3,0,7
77951,1,3,1,4
78001,0,0,0,95
78000,1,0,0,16
78051,0,0,0,98
78050,1,0,0,14
78102,0,0,0,90
78101,1,0,0,9
78152,0,0,0,92
78152,1,0,0,3
78201,0,0,0,89
78201,1,0,0,5
78250,0,0,0,87
78251,1,0,0,0
78301,0,0,0,85
78301,1,0,0,0
78352,0,0,0,82
78350,1,0,0,7
78401,0,0,0,74
78403,1,0,0,8
78451,0,0,0,68
78450,1,0,0,9
78501,0,0,0,69
78502,1,0,0,5
78552,0,0,0,61
78551,1,0,0,5
78600,0,0,0,63
78600,1,0,0,2
78652,0,0,0,64
78650,1,0,0,0
78702,0,0,0,70
78702,1,0,0,0
78752,0,0,0,71
78751,1,0,0,4
78801,0,0,0,74
78802,1,0,0,11
78850,0,0,0,75
78851,1,0,0,3
78902,0,0,0,76
78902,1,0,0,0
78951,0,0,0,80
78951,1,0,0,0
79001,0,0,0,106
79001,1,0,0,39
79051,0,0,0,113
79051,1,0,0,38
79101,0,0,0,107
79101,1,0,0,36
79150,0,0,0,99
79152,1,0,0,42
79200,0,0,0,93
79202,1,0,0,46
79250,0,0,0,95
79251,1,0,0,43
79302,0,0,0,94
79302,1,0,0,50
79352,0,0,0,100
79350,1,0,0,49
79401,0,0,0,101
79401,1,0,0,48
79450,0,0,0,105
79451,1,0,0,46
79502,0,0,0,97
79500,1,0,0,42
79550,0,0,0,93
79552,1,0,0,46
79602,0,0,0,99
79601,1,0,0,49
79651,0,0,0,102
79652,1,0,0,52
79701,0,0,0,109
79702,1,0,0,57
79751,0,0,0,104
79750,1,0,0,64
79800,0,0,0,99
79801,1,0,0,70
79850,0,0,0,95
79852,1,0,0,64
79900,0,0,0,95
79902,1,0,0,58
79950,0,0,0,90
79950,1,0,0,65
80001,0,3,0,21
80001,1,2,0,135
80052,0,3,0,15
80051,1,2,0,133
80102,0,3,0,8
80100,1,2,0,138
80150,0,3,0,3
80152,1,2,0,131
80202,0,3,0,2
80201,1,2,0,133
80250,0,3,0,9
80251,1,2,0,136
80300,0,3,0,1
80302,1,2,0,131
80352,0,3,0,6
80350,1,2,0,123
80402,0,3,0,6
80400,1,2,0,123
80450,0,3,0,4
80451,1,2,0,120
80502,0,3,0,0
80501,1,2,0,112
80550,0,3,0,2
80551,1,2,0,111
80601,0,3,0,5
80650,0,3,0,0
80652,1,2,0,108
80702,0,3,0,4
80702,1,2,0,115
80750,0,3,0,9
80751,1,2,0,113
80800,0,3,0,7
80801,1,2,0,112
80852,0,3,0,5
80851,1,2,0,107
80901,0,3,0,12
80901,1,2,0,105
80950,0,3,0,8
80952,1,2,0,105
81001,0,3,0,5
81000,1,2,1,80
81052,0,3,0,8
81051,1,2,0,75
81102,0,3,0,0
81102,1,2,0,75
81150,0,3,0,2
81151,1,2,0,70
81202,0,3,0,8
81202,1,2,0,65
81251,0,3,0,7
81300,0,3,0,13
81302,1,2,0,70
81352,0,3,0,9
81350,1,2,0,64
81402,0,3,0,10
81402,1,2,0,70
81451,0,3,0,15
81452,1,2,0,72
81502,0,3,0,21
81501,1,2,0,89
81552,0,3,0,27
81552,1,2,0,83
81601,0,3,0,33
81601,1,2,0,77
81651,0,3,0,29
81650,1,2,0,71
81701,0,3,0,26
81700,1,2,0,68
81750,0,3,0,22
81752,1,2,0,74
81801,0,3,0,28
81800,1,2,0,79
81851,0,3,0,35
81852,1,2,0,79
81902,0,3,0,40
81900,1,2,0,78
81950,0,3,0,46
81950,1,2,0,76
82001,0,0,0,138
82000,1,1,0,31
82052,0,0,0,139
82050,1,1,0,29
82101,0,0,0,144
82100,1,1,0,33
82150,0,0,0,142
82151,1,1,0,36
82200,0,0,0,137
82201,1,1,0,39
82252,0,0,0,136
82251,1,1,0,34
82301,0,0,0,134
82301,1,1,0,37
82350,0,0,0,126
82350,1,1,0,41
82402,0,0,0,126
82401,1,1,0,39
82450,0,0,0,122
82450,1,1,0,31
82502,0,0,0,133
82500,1,1,0,44
82552,0,0,0,128
82551,1,1,0,36
82601,0,0,0,121
82650,0,0,0,116
82650,1,1,0,42
82700,0,0,0,122
82701,1,1,0,39
82750,0,0,0,127
82750,1,1,0,32
82801,0,0,0,128
82801,1,1,0,31
82852,0,0,0,130
82852,1,1,0,27
82901,0,0,0,130
82900,1,1,0,21
82951,0,0,0,125
82950,1,1,0,27
83000,0,0,0,58
83001,1,1,0,0
83052,0,0,0,59
83052,1,1,0,2
83101,0,0,0,51
83100,1,1,0,0
83152,0,0,0,50
83151,1,1,0,7
83200,0,0,0,49
83202,1,1,0,1
83251,0,0,0,44
83251,1,1,0,7
83300,0,0,0,48
83300,1,1,0,7
83351,0,0,0,43
83350,1,1,0,0
83402,0,0,0,35
83402,1,1,0,6
83450,0,0,0,42
83452,1,1,0,12
83501,0,0,0,40
83500,1,1,0,17
83551,0,0,0,43
83552,1,1,0,12
83602,0,0,0,49
83602,1,1,0,14
83650,0,0,0,51
83652,1,1,0,12
83701,0,0,0,53
83702,1,1,0,18
83751,0,0,0,55
83752,1,1,0,22
83801,0,0,0,58
83800,1,1,0,27
83852,0,0,0,64
83852,1,1,0,19
83902,0,0,0,71
83902,1,1,0,22
83952,0,0,0,76
83950,1,1,0,20
84000,0,3,0,142
84001,1,3,0,64
84052,0,3,0,143
84050,1,3,0,65
84102,0,3,0,139
84100,1,3,0,58
84150,0,3,0,140
84151,1,3,0,55
84201,0,3,0,146
84202,1,3,0,51
84251,0,3,0,138
84251,1,3,0,49
84301,0,3,0,132
84352,0,3,0,127
84352,1,3,0,43
84400,0,3,0,126
84401,1,3,0,39
84450,0,3,0,125
84450,1,3,0,31
84500,0,3,0,122
84502,1,3,0,24
84550,0,3,0,125
84550,1,3,0,31
84601,0,3,0,128
84602,1,3,0,25
84651,0,3,0,126
84651,1,3,0,20
84701,0,3,0,128
84701,1,3,0,26
84751,0,3,0,125
84750,1,3,0,28
84801,0,3,0,118
84800,1,3,0,30
84851,0,3,0,111
84850,1,3,0,28
84902,0,3,0,114
84902,1,3,0,33
84950,0,3,0,108
84951,1,3,0,30
85001,0,3,0,70
85000,1,3,0,4
85052,0,3,0,67
85051,1,3,0,10
85102,0,3,0,60
85100,1,3,0,12
85152,0,3,0,58
85150,1,3,0,12
85202,0,3,0,64
85200,1,3,0,8
85251,0,3,0,65
85250,1,3,0,5
85302,0,3,0,66
85302,1,3,0,4
85351,0,3,0,71
85350,1,3,0,0
85400,0,3,0,78
85402,1,3,0,5
85452,0,3,0,70
85452,1,3,0,5
85500,0,3,0,74
85502,1,3,0,14
85552,0,3,0,72
85550,1,3,0,14
85601,0,3,0,64
85600,1,3,0,12
85650,0,3,0,56
85650,1,3,0,7
85702,0,3,0,63
85700,1,3,0,9
85750,0,3,0,67
85751,1,3,0,3
85800,0,3,0,68
85800,1,3,0,7
85852,0,3,0,64
85851,1,3,0,12
85900,0,3,0,67
85900,1,3,0,15
85952,0,3,0,70
85950,1,3,0,9
86002,0,0,0,105
86000,1,0,0,52
86050,0,0,0,102
86051,1,0,0,54
86102,0,0,0,109
86100,1,0,0,49
86150,0,0,0,111
86152,1,0,0,53
86202,0,0,0,117
86200,1,0,0,51
86250,0,0,0,124
86250,1,0,0,54
86300,0,0,0,128
86300,1,0,0,55
86351,0,0,0,134
86351,1,0,0,47
86401,0,0,0,135
86402,1,0,0,51
86451,0,0,0,135
86452,1,0,0,45
86502,0,0,0,131
86501,1,0,0,39
86550,0,0,0,128
86551,1,0,0,37
86602,0,0,0,121
86602,1,0,0,38
86650,0,0,0,125
86652,1,0,0,36
86701,0,0,0,123
86700,1,0,0,42
86750,0,0,0,126
86751,1,0,0,44
86800,0,0,0,123
86800,1,0,0,41
86851,0,0,0,116
86852,1,0,0,36
86902,0,0,0,120
86902,1,0,0,39
86952,0,0,0,119
86950,1,0,0,31
87001,0,0,0,125
87001,1,0,0,27
87050,0,0,0,130
87051,1,0,0,31
87102,0,0,0,132
87100,1,0,0,28
87152,0,0,0,126
87152,1,0,0,33
87200,0,0,0,128
87201,1,0,0,36
87250,0,0,0,120
87252,1,0,0,29
87302,0,0,0,119
87301,1,0,0,28
87350,0,0,0,120
87350,1,0,0,21
87402,0,0,0,117
87402,1,0,0,17
87452,0,0,0,119
87450,1,0,0,22
87501,0,0,0,94
87501,1,0,0,2
87552,0,0,0,96
87551,1,0,0,9
87600,0,0,0,93
87600,1,0,0,2
87650,0,0,0,99
87651,1,0,0,2
87702,0,0,0,92
87700,1,0,0,1
87752,0,0,0,84
87802,0,0,0,78
87801,1,0,0,1
87850,0,0,0,75
87850,1,0,0,3
87901,1,0,0,7
87952,0,0,0,71
87952,1,0,0,14
88001,0,3,0,158
88000,1,3,0,53
88052,0,3,0,155
88052,1,3,0,56
88101,0,3,0,150
88100,1,3,0,59
88152,0,3,0,144
88150,1,3,0,57
88200,0,3,0,151
88202,1,3,0,64
88250,0,3,0,146
88251,1,3,0,65
88302,0,3,0,153
88302,1,3,0,57
88351,0,3,0,154
88351,1,3,0,55
88400,0,3,0,156
88400,1,3,0,54
88450,0,3,0,163
88452,1,3,0,60
88501,0,3,0,155
88501,1,3,0,48
88551,0,3,0,157
88552,1,3,0,52
88601,0,3,0,161
88600,1,3,0,46
88652,0,3,0,156
88651,1,3,0,49
88702,0,3,0,149
88702,1,3,0,48
88752,0,3,0,146
88750,1,3,0,42
88801,0,3,0,151
88802,1,3,0,35
88851,0,3,0,156
88852,1,3,0,39
88900,0,3,0,154
88900,1,3,0,31
88952,0,3,0,150
88951,1,3,0,38
89001,0,3,0,231
89000,1,3,0,105
89052,0,3,0,231
89052,1,3,0,103
89101,0,3,0,223
89102,1,3,0,105
89152,0,3,0,220
89151,1,3,0,111
89202,0,3,0,222
89202,1,3,0,113
89252,0,3,0,222
89252,1,3,0,106
89302,0,3,0,219
89302,1,3,0,113
89350,0,3,0,217
89352,1,3,0,110
89402,0,3,0,210
89401,1,3,0,111
89452,0,3,0,216
89451,1,3,0,112
89501,0,3,0,211
89500,1,3,0,117
89550,0,3,0,215
89550,1,3,0,123
89602,0,3,0,211
89600,1,3,0,120
89651,0,3,0,213
89652,1,3,0,123
89700,0,3,0,218
89700,1,3,0,121
89751,0,3,0,224
89750,1,3,0,124
89802,0,3,0,220
89802,1,3,0,129
89850,0,3,0,226
89851,1,3,0,126
89901,0,3,0,228
89902,1,3,0,129
89952,0,3,0,233
89950,1,3,0,127
90000,0,2,0,160
90002,1,2,0,103
90051,0,2,0,162
90052,1,2,0,100
90102,0,2,0,164
90101,1,2,0,96
90152,0,2,0,169
90150,1,2,0,93
90202,0,2,0,161
90200,1,2,0,87
90252,0,2,0,160
90252,1,2,0,81
90302,0,2,0,161
90300,1,2,0,81
90351,0,2,0,160
90350,1,2,0,82
90400,0,2,0,162
90400,1,2,0,77
90452,0,2,0,163
90452,1,2,0,80
90500,0,2,0,183
90500,1,2,0,103
90551,0,2,0,189
90552,1,2,0,105
90602,0,2,0,183
90602,1,2,0,100
90650,0,2,0,178
90651,1,2,0,100
90700,0,2,0,181
90701,1,2,0,96
90752,0,2,0,188
90750,1,2,0,95
90801,0,2,0,187
90802,1,2,0,99
90852,0,2,0,194
90852,1,2,0,94
90901,0,2,0,186
90900,1,2,0,91
90951,0,2,0,178
90951,1,2,1,84
91003,0,2,0,144
91001,1,2,0,60
91052,0,2,0,140
91050,1,2,0,55
91102,0,2,0,134
91101,1,2,0,58
91150,0,2,0,126
91150,1,2,0,60
91202,0,2,0,120
91200,1,2,0,64
91250,0,2,0,121
91252,1,2,0,61
91301,0,2,0,126
91300,1,2,0,59
91351,0,2,0,129
91352,1,2,0,59
91402,0,2,0,123
91400,1,2,0,51
91450,1,2,0,56
91500,0,2,0,113
91500,1,2,0,46
91552,0,2,0,109
91551,1,2,0,45
91601,0,2,0,107
91601,1,2,0,50
91652,0,2,0,102
91650,1,2,0,51
91700,0,2,0,97
91701,1,2,0,51
91751,0,2,0,97
91752,1,2,0,52
91801,0,2,0,99
91802,1,2,0,55
91851,0,2,0,92
91852,1,2,0,61
91901,0,2,0,93
91901,1,2,0,63
91950,0,2,0,92
91950,1,2,0,61
92001,0,1,0,74
92000,1,1,0,236
92050,0,1,0,75
92051,1,1,0,237
92101,0,1,0,79
92102,1,1,0,241
92151,0,1,0,81
92151,1,1,0,235
92201,0,1,0,78
92200,1,1,0,228
92250,0,1,0,70
92252,1,1,0,221
92300,0,1,0,65
92301,1,1,0,225
92351,0,1,0,61
92351,1,1,0,223
92402,0,1,0,65
92402,1,1,0,217
92452,0,1,0,60
92451,1,1,0,222
92502,0,1,0,45
92502,1,1,0,214
92550,0,1,0,51
92552,1,1,0,219
92600,0,1,0,58
92600,1,1,0,217
92651,0,1,0,52
92650,1,1,0,214
92701,0,1,0,49
92700,1,1,0,220
92751,0,1,0,47
92750,1,1,0,223
92801,0,1,0,39
92800,1,1,0,215
92850,0,1,0,45
92851,1,1,0,214
92901,0,1,0,52
92902,1,1,0,216
92950,0,1,0,46
92950,1,1,0,211
93002,0,1,0,130
93002,1,1,0,303
93051,0,1,0,128
93052,1,1,0,310
93102,0,1,0,123
93102,1,1,0,314
93152,0,1,0,120
93150,1,1,0,321
93201,0,1,0,125
93202,1,1,0,320
93252,0,1,0,129
93252,1,1,0,317
93300,0,1,0,135
93300,1,1,0,312
93352,0,1,0,142
93350,1,1,0,313
93402,0,1,0,134
93400,1,1,0,319
93451,0,1,0,132
93450,1,1,0,323
93501,0,1,0,105
93502,1,1,0,298
93551,0,1,0,102
93552,1,1,0,295
93602,0,1,0,100
93600,1,1,0,291
93650,0,1,0,95
93652,1,1,0,292
93702,0,1,0,101
93702,1,1,0,286
93752,0,1,0,93
93752,1,1,0,289
93800,0,1,0,86
93802,1,1,0,292
93851,0,1,0,88
93851,1,1,0,284
93902,0,1,0,85
93902,1,1,0,279
93951,0,1,0,89
93950,1,1,0,276
94002,0,0,0,233
94000,1,0,0,28
94051,0,0,0,238
94051,1,0,0,34
94100,0,0,0,231
94101,1,0,0,33
94150,0,0,0,237
94152,1,0,0,37
94202,0,0,0,236
94200,1,0,0,39
94250,0,0,0,240
94252,1,0,0,40
94300,0,0,0,241
94300,1,0,0,32
94352,0,0,0,244
94352,1,0,0,27
94401,0,0,0,248
94400,1,0,0,25
94450,0,0,0,245
94450,1,0,0,27
94501,0,0,0,253
94502,1,0,0,25
94552,0,0,0,259
94550,1,0,0,22
94600,0,0,0,266
94602,1,0,0,20
94650,0,0,0,273
94652,1,0,0,17
94702,0,0,0,277
94701,1,0,0,14
94750,0,0,0,283
94751,1,0,0,18
94801,0,0,0,279
94802,1,0,0,10
94850,0,0,0,283
94850,1,0,0,2
94900,0,0,0,288
94900,1,0,0,4
94951,0,0,0,283
94952,1,0,0,0
95001,0,0,0,310
95002,1,0,0,37
95051,0,0,0,317
95052,1,0,0,41
95100,0,0,0,321
95102,1,0,0,42
95151,0,0,0,325
95152,1,0,0,47
95201,0,0,0,330
95202,1,0,0,52
95250,0,0,0,322
95251,1,0,0,45
95301,0,0,0,315
95301,1,0,0,50
95350,0,0,0,320
95352,1,0,0,51
95401,0,0,0,321
95400,1,0,0,51
95451,0,0,0,320
95451,1,0,0,47
95502,0,0,0,307
95501,1,0,0,39
95551,0,0,0,314
95551,1,0,0,38
95602,0,0,0,318
95600,1,0,0,34
95652,0,0,0,323
95652,1,0,0,34
95702,0,0,0,324
95702,1,0,0,38
95751,0,0,0,319
95752,1,0,0,39
95800,0,0,0,317
95802,1,0,0,40
95851,0,0,0,322
95850,1,0,0,34
95902,0,0,0,315
95902,1,0,0,35
95952,0,0,0,322
95951,1,0,0,28
96002,0,2,0,154
96001,1,1,0,127
96052,0,2,0,159
96052,1,1,0,134
96101,0,2,0,156
96102,1,1,0,127
96152,0,2,0,156
96151,1,1,0,131
96202,0,2,0,148
96202,1,1,0,130
96250,0,2,0,141
96250,1,1,0,136
96302,0,2,0,144
96301,1,1,0,133
96351,0,2,0,144
96350,1,1,0,129
96401,0,2,0,147
96400,1,1,0,128
96450,0,2,0,144
96452,1,1,0,132
96502,0,2,0,148
96502,1,1,0,142
96552,0,2,0,147
96551,1,1,0,144
96600,0,2,0,153
96602,1,1,0,145
96652,0,2,0,147
96652,1,1,0,139
96701,0,2,0,150
96702,1,1,0,135
96752,0,2,0,150
96751,1,1,0,128
96801,0,2,0,144
96802,1,1,0,125
96850,0,2,0,149
96850,1,1,0,123
96900,0,2,0,150
96900,1,1,0,129
96951,0,2,0,143
96951,1,1,0,134
97001,0,2,0,179
97000,1,1,0,177
97050,0,2,0,185
97052,1,1,0,181
97101,0,2,0,178
97100,1,1,0,174
97152,0,2,0,183
97150,1,1,0,180
97202,0,2,0,181
97202,1,1,0,183
97250,1,1,0,185
97302,0,2,0,174
97302,1,1,0,191
97352,0,2,0,170
97350,1,1,0,190
97402,0,2,0,166
97450,0,2,0,159
97452,1,1,0,197
97502,0,2,0,175
97500,1,1,0,224
97550,0,2,0,176
97551,1,1,0,217
97602,0,2,0,177
97601,1,1,0,223
97651,0,2,0,170
97651,1,1,0,226
97702,0,2,0,164
97702,1,1,0,218
97752,0,2,0,162
97752,1,1,0,221
97801,0,2,0,163
97802,1,1,0,223
97850,0,2,0,164
97850,1,1,0,217
97902,0,2,0,164
97902,1,1,0,213
97950,0,2,0,168
97950,1,1,0,217
98000,1,2,0,194
98052,0,1,0,208
98050,1,2,0,186
98101,0,1,0,206
98100,1,2,0,179
98150,0,1,0,202
98150,1,2,0,172
98202,0,1,0,205
98201,1,2,0,167
98251,0,1,0,201
98250,1,2,0,171
98301,0,1,0,198
98300,1,2,0,168
98352,0,1,0,194
98402,0,1,0,199
98402,1,2,0,160
98451,0,1,0,192
98452,1,2,0,161
98502,0,1,0,201
98500,1,2,0,161
98550,0,1,0,193
98551,1,2,0,154
98602,0,1,0,196
98602,1,2,0,152
98651,0,1,0,203
98650,1,2,0,158
98702,0,1,0,207
98700,1,2,0,160
98750,0,1,0,214
98751,1,2,0,164
98802,0,1,0,210
98850,0,1,0,207
98851,1,2,0,167
98901,0,1,0,210
98901,1,2,0,163
98950,0,1,0,214
98952,1,2,0,164
99002,0,1,0,229
99002,1,2,0,183
99050,0,1,0,231
99052,1,2,0,190
99100,0,1,0,234
99100,1,2,0,191
99150,0,1,0,239
99150,1,2,0,191
99200,0,1,0,239
99201,1,2,0,192
99251,0,1,0,231
99251,1,2,0,187
99301,0,1,0,225
99300,1,2,0,188
99352,0,1,0,232
99351,1,2,0,187
99400,0,1,0,239
99402,1,2,0,187
99451,0,1,0,239
99452,1,2,0,184
99500,0,1,0,226
99502,1,2,0,170
99551,0,1,0,227
99550,1,2,0,162
99602,0,1,0,231
99602,1,2,0,162
99651,0,1,0,233
99650,1,2,0,162
99700,0,1,0,226
99700,1,2,0,158
99751,0,1,0,223
99750,1,2,0,159
99801,0,1,0,221
99802,1,2,0,163
99852,0,1,0,220
99850,1,2,0,159
99902,0,1,0,226
99900,1,2,0,155
99950,0,1,0,218
99952,1,2,0,161
100000,0,0,0,226
100001,1,3,0,161
100051,0,0,0,223
100052,1,3,0,157
100102,0,0,0,219
100102,1,3,0,157
100151,0,0,0,221
100150,1,3,0,162
100201,0,0,0,222
100201,1,3,0,158
100250,0,0,0,218
100252,1,3,0,150
100302,0,0,0,213
100300,1,3,0,145
100351,0,0,0,208
100353,1,3,0,142
100402,0,0,0,205
100400,1,3,0,140
100452,0,0,0,211
100451,1,3,0,139
100501,0,0,0,199
100500,1,3,0,121
100550,0,0,0,195
100551,1,3,0,114
100600,0,0,0,200
100600,1,3,0,113
100652,0,0,0,200
100651,1,3,0,118
100700,0,0,0,201
100700,1,3,0,124
100751,0,0,0,207
100752,1,3,0,120
100802,0,0,0,214
100801,1,3,0,120
100851,0,0,0,215
100852,1,3,0,115
100901,0,0,0,216
100900,1,3,0,115
100951,0,0,0,211
100951,1,3,0,113
101002,0,0,0,127
101001,1,3,0,35
101051,0,0,0,132
101050,1,3,0,41
101100,0,0,0,131
101102,1,3,0,46
101152,0,0,0,133
101152,1,3,0,44
101201,0,0,0,131
101202,1,3,0,41
101250,0,0,0,135
101252,1,3,0,34
101300,0,0,0,140
101302,1,3,0,41
101352,0,0,0,147
101351,1,3,0,35
101400,0,0,0,151
101402,1,3,0,35
101450,0,0,0,150
101451,1,3,0,37
101501,0,0,0,168
101502,1,3,0,51
101552,0,0,0,167
101550,1,3,0,47
101602,0,0,0,173
101601,1,3,0,48
101650,0,0,0,177
101650,1,3,0,52
101701,0,0,0,171
101700,1,3,0,50
101751,0,0,0,168
101752,1,3,0,49
101802,0,0,0,161
101800,1,3,0,50
101851,0,0,0,166
101851,1,3,0,53
101901,0,0,0,164
101900,1,3,0,52
101952,0,0,0,166
101950,1,3,0,57
102002,0,3,0,28
102002,1,0,0,55
102052,0,3,0,31
102052,1,0,0,59
102102,0,3,0,32
102101,1,0,0,60
102151,0,3,0,35
102150,1,0,0,58
102200,0,3,0,41
102201,1,0,0,50
102251,0,3,0,40
102252,1,0,0,56
102302,0,3,0,43
102302,1,0,0,59
102352,0,3,0,45
102351,1,0,0,52
102401,0,3,0,43
102402,1,0,0,48
102452,0,3,0,35
102450,1,0,0,48
102500,0,3,0,39
102502,1,0,0,55
102552,0,3,0,41
102550,1,0,0,56
102602,0,3,0,48
102601,1,0,0,51
102652,0,3,0,40
102650,1,0,0,55
102701,0,3,0,47
102701,1,0,0,61
102751,0,3,0,48
102750,1,0,0,66
102802,0,3,0,44
102802,1,0,0,64
102852,0,3,0,40
102851,1,0,0,56
102900,0,3,0,38
102900,1,0,0,52
102951,0,3,0,44
102951,1,0,0,48
103000,0,3,0,0
103001,1,0,0,0
103052,0,3,0,0
103051,1,0,0,4
103102,0,3,0,5
103100,1,0,0,0
103152,0,3,0,11
103150,1,0,0,2
103201,0,3,0,13
103201,1,0,0,3
103250,0,3,0,7
103250,1,0,0,6
103300,0,3,0,12
103302,1,0,0,8
103350,0,3,0,7
103350,1,0,0,14
103400,0,3,0,12
103402,1,0,0,21
103450,0,3,0,13
103451,1,0,0,24
103500,0,3,0,41
103500,1,0,0,39
103552,0,3,0,46
103552,1,0,0,40
103602,0,3,0,45
103600,1,0,0,42
103652,0,3,0,44
103651,1,0,0,43
103700,0,3,0,50
103701,1,0,0,38
103751,0,3,0,56
103750,1,0,0,31
103800,0,3,0,63
103800,1,0,0,25
103850,0,3,0,66
103850,1,0,0,27
103901,0,3,0,69
103901,1,0,0,19
103951,0,3,0,68
103952,1,0,0,22
104002,0,0,0,145
104002,1,3,0,88
104050,0,0,0,147
104050,1,3,0,88
104100,0,0,0,151
104102,1,3,0,94
104151,0,0,0,158
104151,1,3,0,93
104201,0,0,0,161
104202,1,3,0,95
104251,0,0,0,153
104252,1,3,0,91
104302,0,0,0,148
104301,1,3,0,94
104350,0,0,0,149
104352,1,3,0,98
104402,0,0,0,145
104402,1,3,0,93
104450,0,0,0,137
104451,1,3,0,98
104502,0,0,0,127
104501,1,3,0,101
104550,0,0,0,134
104552,1,3,0,106
104602,0,0,0,139
104601,1,3,0,111
104650,0,0,0,143
104651,1,3,0,108
104701,0,0,0,145
104702,1,3,0,111
104750,0,0,0,150
104751,1,3,0,108
104800,0,0,0,142
104802,1,3,0,114
104852,0,0,0,139
104851,1,3,0,106
104901,0,0,0,143
104902,1,3,0,98
104950,0,0,0,139
104950,1,3,0,98
105000,0,0,0,202
105002,1,3,0,167
105052,0,0,0,200
105052,1,3,0,160
105102,0,0,0,203
105100,1,3,0,163
105150,0,0,0,207
105151,1,3,0,162
105200,0,0,0,214
105200,1,3,0,166
105250,0,0,0,216
105250,1,3,0,168
105300,0,0,0,214
105301,1,3,0,174
105351,0,0,0,214
105350,1,3,0,167
105401,0,0,0,219
105401,1,3,0,161
105452,0,0,0,223
105450,1,3,0,157
105502,0,0,0,206
105502,1,3,0,148
105551,0,0,0,211
105552,1,3,0,141
105602,0,0,0,218
105600,1,3,0,135
105652,0,0,0,222
105652,1,3,0,132
105701,0,0,0,222
105702,1,3,0,134
105751,0,0,0,224
105751,1,3,0,129
105801,0,0,0,220
105800,1,3,0,136
105852,0,0,0,213
105850,1,3,0,129
105900,0,0,0,209
105901,1,3,0,122
105951,0,0,0,214
105952,1,3,0,124
106000,0,1,0,75
106000,1,1,0,8
106050,0,1,0,81
106050,1,1,0,2
106102,0,1,0,75
106100,1,1,0,7
106152,0,1,0,72
106150,1,1,0,8
106201,0,1,0,64
106200,1,1,0,5
106250,0,1,0,69
106252,1,1,0,9
106302,0,1,0,75
106301,1,1,0,10
106352,0,1,0,77
106351,1,1,0,17
106402,0,1,0,79
106400,1,1,0,19
106452,0,1,0,75
106450,1,1,0,22
106501,0,1,0,94
106502,1,1,0,30
106552,0,1,0,101
106550,1,1,0,26
106600,0,1,0,99
106602,1,1,0,26
106651,0,1,0,104
106651,1,1,0,31
106701,0,1,0,100
106702,1,1,0,25
106751,0,1,0,97
106751,1,1,0,26
106800,0,1,0,93
106802,1,1,0,20
106852,0,1,0,86
106850,1,1,0,12
106900,0,1,0,80
106900,1,1,0,18
106951,0,1,0,72
107002,0,1,0,39
107000,1,1,0,6
107052,0,1,0,33
107050,1,1,0,3
107101,0,1,0,30
107101,1,1,0,6
107151,0,1,0,24
107152,1,1,0,9
107200,0,1,0,19
107200,1,1,0,9
107251,0,1,0,23
107250,1,1,0,12
107301,0,1,0,26
107300,1,1,0,18
107352,0,1,0,23
107350,1,1,0,25
107400,0,1,0,25
107401,1,1,0,17
107451,0,1,0,31
107450,1,1,0,17
107500,0,1,0,5
107502,1,1,0,1
107550,0,1,0,0
107551,1,1,0,0
107600,0,1,0,0
107602,1,1,0,2
107650,0,1,0,0
107650,1,1,0,5
107701,0,1,0,2
107701,1,1,0,7
107750,0,1,0,0
107750,1,1,0,3
107801,0,1,0,1
107800,1,1,0,9
107850,0,1,0,4
107851,1,1,0,11
107900,0,1,0,0
107902,1,1,0,13
107952,0,1,0,0
107952,1,1,0,20
108001,0,0,0,136
108002,1,3,0,46
108052,0,0,0,133
108052,1,3,0,40
108102,0,0,0,134
108101,1,3,0,43
108152,0,0,0,140
108150,1,3,0,48
108200,0,0,0,145
108202,1,3,0,43
108251,0,0,0,143
108252,1,3,0,46
108301,0,0,0,141
108300,1,3,0,40
108351,0,0,0,146
108350,1,3,0,42
108400,0,0,0,139
108400,1,3,0,39
108452,0,0,0,140
108452,1,3,0,42
108500,0,0,0,132
108500,1,3,0,24
108550,0,0,0,131
108550,1,3,0,20
108600,0,0,0,123
108600,1,3,0,14
108650,0,0,0,122
108652,1,3,0,20
108701,0,0,0,118
108701,1,3,0,20
108752,0,0,0,124
108750,1,3,0,17
108800,0,0,0,124
108802,1,3,0,24
108852,0,0,0,119
108850,1,3,0,29
108902,0,0,0,118
108902,1,3,0,29
108951,0,0,0,120
108950,1,3,0,31
109002,0,0,0,71
109000,1,3,0,0
109051,0,0,0,65
109100,0,0,0,65
109100,1,3,0,6
109152,0,0,0,61
109150,1,3,0,7
109201,0,0,0,66
109200,1,3,0,7
109250,0,0,0,70
109250,1,3,0,0
109300,0,0,0,76
109302,1,3,0,0
109351,0,0,0,76
109351,1,3,0,0
109401,0,0,0,79
109401,1,3,0,0
109450,0,0,0,82
109451,1,3,0,0
109502,0,0,0,90
109500,1,3,0,8
109552,0,0,0,89
109601,0,0,0,95
109602,1,3,0,3
109652,0,0,0,98
109652,1,3,0,6
109702,0,0,0,101
109702,1,3,0,0
109750,0,0,0,100
109752,1,3,0,0
109802,0,0,0,92
109802,1,3,0,0
109850,0,0,0,86
109852,1,3,0,1
109902,0,0,0,85
109901,1,3,0,5
109950,0,0,0,89
109951,1,3,0,5
110001,0,2,0,73
110002,1,2,0,242
110052,0,2,0,79
110052,1,2,0,239
110102,0,2,0,81
110102,1,2,0,241
110150,0,2,0,74
110152,1,2,0,247
110202,0,2,0,69
110201,1,2,0,248
110250,0,2,0,76
110251,1,2,0,247
110302,0,2,0,72
110301,1,2,0,244
110351,0,2,0,74
110350,1,2,0,250
110400,0,2,0,66
110400,1,2,0,253
110452,0,2,0,71
110451,1,2,0,252
110502,0,2,0,89
110500,1,2,0,268
110552,0,2,0,89
110552,1,2,0,273
110602,0,2,0,84
110600,1,2,0,268
110652,0,2,0,81
110651,1,2,0,260
110702,0,2,0,83
110701,1,2,0,255
110751,0,2,0,83
110751,1,2,0,251
110802,0,2,0,80
110801,1,2,0,244
110850,0,2,0,80
110850,1,2,0,238
110902,0,2,0,74
110900,1,2,0,244
110952,0,2,0,70
110950,1,2,0,236
111001,0,2,0,38
111001,1,2,0,211
111050,0,2,0,41
111050,1,2,0,205
111101,0,2,0,46
111100,1,2,0,199
111151,0,2,0,42
111151,1,2,0,199
111200,0,2,0,37
111202,1,2,0,193
111252,0,2,0,40
111251,1,2,0,188
111301,0,2,0,43
111300,1,2,0,185
111352,0,2,0,48
111352,1,2,0,182
111400,0,2,0,42
111400,1,2,0,189
111451,0,2,0,44
111452,1,2,0,194
111502,0,2,0,70
111501,1,2,0,210
111550,0,2,0,76
111552,1,2,0,210
111601,0,2,0,68
111600,1,2,0,216
111652,0,2,0,73
111651,1,2,0,215
111701,0,2,0,69
111700,1,2,0,208
111752,0,2,0,67
111751,1,2,0,204
111801,0,2,0,63
111801,1,2,0,205
111852,0,2,0,55
111851,1,2,0,202
111900,0,2,0,54
111900,1,2,0,204
111951,0,2,0,46
111951,1,2,0,200
112001,0,1,0,112
112002,1,1,0,75
112050,0,1,0,118
112050,1,1,0,73
112100,0,1,0,124
112102,1,1,0,79
112150,0,1,0,124
112152,1,1,0,85
112200,0,1,0,125
112200,1,1,0,89
112252,0,1,0,128
112252,1,1,0,84
112300,0,1,0,135
112301,1,1,0,84
112350,0,1,0,140
112352,1,1,0,80
112401,0,1,0,137
112402,1,1,0,83
112450,0,1,0,143
112450,1,1,0,88
112500,0,1,0,140
112500,1,1,0,87
112550,0,1,0,144
112551,1,1,0,92
112602,0,1,0,139
112601,1,1,0,88
112652,0,1,0,134
112650,1,1,0,82
112701,0,1,0,132
112701,1,1,0,78
112752,0,1,0,139
112752,1,1,0,77
112801,0,1,0,141
112802,1,1,0,84
112850,0,1,0,144
112852,1,1,0,79
112901,0,1,0,140
112900,1,1,0,86
112951,0,1,0,146
112951,1,1,0,88
113002,0,1,0,81
113000,1,1,0,21
113050,0,1,0,79
113052,1,1,0,25
113102,0,1,0,75
113100,1,1,0,18
113150,0,1,0,69
113150,1,1,0,17
113201,0,1,0,74
113201,1,1,0,11
113251,0,1,0,73
113253,1,1,0,10
113300,0,1,0,80
113302,1,1,0,7
113350,0,1,0,77
113351,1,1,0,2
113402,0,1,0,75
113401,1,1,0,7
113451,0,1,0,70
113452,1,1,0,1
113500,0,1,0,90
113501,1,1,0,27
113552,0,1,0,87
113552,1,1,0,27
113601,0,1,0,90
113601,1,1,0,21
113650,0,1,0,93
113651,1,1,0,21
113701,0,1,0,92
113700,1,1,0,23
113752,0,1,0,89
113752,1,1,0,23
113802,0,1,0,90
113800,1,1,0,17
113851,0,1,0,83
113851,1,1,0,11
113901,0,1,0,80
113901,1,1,0,15
113952,0,1,0,82
113951,1,1,0,11
114002,0,0,0,158
114001,1,0,0,225
114051,0,0,0,165
114050,1,0,0,230
114101,0,0,0,161
114102,1,0,0,237
114151,0,0,0,157
114150,1,0,0,241
114200,0,0,0,163
114200,1,0,0,239
114251,0,0,0,163
114252,1,0,0,244
114301,0,0,0,163
114302,1,0,0,242
114350,0,0,0,167
114351,1,0,0,248
114402,0,0,0,172
114400,1,0,0,255
114451,0,0,0,174
114452,1,0,0,251
114502,0,0,0,168
114502,1,0,0,248
114552,0,0,0,161
114550,1,0,0,253
114600,0,0,0,167
114600,1,0,0,256
114652,1,0,0,253
114702,1,0,0,247
114752,0,0,0,168
114752,1,0,0,243
114800,0,0,0,160
114800,1,0,0,248
114851,0,0,0,163
114850,1,0,0,246
114900,0,0,0,164
114900,1,0,0,243
114951,0,0,0,158
114952,1,0,0,249
115002,0,0,0,147
115001,1,0,0,236
115052,0,0,0,143
115052,1,0,0,229
115100,0,0,0,145
115102,1,0,0,232
115152,0,0,0,144
115152,1,0,0,230
115201,0,0,0,148
115202,1,0,0,233
115251,0,0,0,148
115251,1,0,0,240
115300,0,0,0,148
115301,1,0,0,241
115350,0,0,0,150
115350,1,0,0,246
115400,0,0,0,145
115400,1,0,0,241
115450,0,0,0,145
115450,1,0,0,248
115501,1,0,0,261
115552,0,0,0,148
115551,1,0,0,253
115601,0,0,0,142
115602,1,0,0,248
115652,0,0,0,149
115651,1,0,0,241
115701,0,0,0,156
115701,1,0,0,239
115750,0,0,0,148
115751,1,0,0,231
115802,0,0,0,144
115802,1,0,0,225
115852,0,0,0,137
115852,1,0,0,228
115901,0,0,0,141
115902,1,0,0,234
115952,0,0,0,148
115950,1,0,0,229
116000,0,2,0,217
116002,1,2,0,43
116051,0,2,0,215
116051,1,2,0,39
116102,0,2,0,212
116102,1,2,0,38
116151,0,2,0,206
116150,1,2,0,32
116202,0,2,0,199
116200,1,2,0,26
116251,0,2,0,203
116251,1,2,1,20
116301,0,2,0,207
116302,1,2,0,20
116352,0,2,0,213
116350,1,2,0,21
116401,0,2,0,213
116401,1,2,0,23
116451,0,2,0,214
116452,1,2,0,24
116502,0,2,0,209
116501,1,2,0,20
116550,0,2,0,208
116552,1,2,0,24
116601,0,2,0,209
116602,1,2,0,22
116651,0,2,0,208
116650,1,2,0,20
116701,0,2,0,203
116702,1,2,0,21
116750,0,2,0,205
116750,1,2,0,15
116800,0,2,0,204
116801,1,2,0,18
116851,0,2,0,209
116852,1,2,0,21
116902,0,2,0,204
116900,1,2,0,23
116950,0,2,0,200
116951,1,2,0,25
117001,0,2,0,227
117000,1,2,0,62
117050,0,2,0,219
117052,1,2,0,67
117102,0,2,0,216
117101,1,2,0,59
117151,0,2,0,216
117151,1,2,0,52
117200,0,2,0,213
117201,1,2,0,44
117251,0,2,0,215
117252,1,2,0,43
117302,0,2,0,213
117302,1,2,0,39
117350,0,2,0,205
117350,1,2,0,46
117401,0,2,0,203
117402,1,2,0,41
117450,0,2,0,203
117450,1,2,0,33
117502,0,2,0,190
117500,1,2,0,25
117551,0,2,0,195
117551,1,2,0,21
117602,0,2,0,201
117601,1,2,0,24
117650,0,2,0,195
117652,1,2,0,25
117702,0,2,0,193
117700,1,2,0,28
117751,0,2,0,187
117751,1,2,0,30
117802,0,2,0,183
117801,1,2,0,30
117850,0,2,0,175
117850,1,2,0,34
117902,0,2,0,180
117902,1,2,0,30
117950,0,2,0,177
117950,1,2,0,30
118002,0,3,0,161
118002,1,3,0,4
118051,0,3,0,156
118052,1,3,0,0
118102,0,3,0,156
118101,1,3,0,0
118151,0,3,0,160
118150,1,3,0,0
118201,0,3,0,165
118201,1,3,0,0
118250,0,3,0,158
118250,1,3,0,3
118301,0,3,0,154
118302,1,3,0,9
118351,0,3,0,148
118351,1,3,0,1
118400,0,3,0,151
118400,1,3,0,0
118450,0,3,0,144
118452,1,3,0,5
118500,0,3,0,118
118501,1,3,0,0
118552,0,3,0,111
118550,1,3,0,0
118601,0,3,0,107
118602,1,3,0,6
118652,0,3,0,107
118650,1,3,0,0
118700,0,3,0,102
118701,1,3,0,2
118750,0,3,0,99
118752,1,3,0,0
118800,0,3,0,96
118802,1,3,0,0
118850,0,3,0,101
118850,1,3,0,0
118901,0,3,0,101
118902,1,3,0,0
118951,0,3,0,107
118952,1,3,0,0
119000,0,3,0,33
119000,1,3,0,1
119050,0,3,0,29
119052,1,3,0,2
119102,0,3,0,21
119101,1,3,0,0
119150,0,3,0,28
119150,1,3,0,6
119200,0,3,0,22
119200,1,3,0,3
119250,0,3,0,19
119251,1,3,0,3
119300,0,3,0,19
119302,1,3,0,0
119352,0,3,0,24
119352,1,3,0,4
119402,0,3,0,16
119401,1,3,0,11
119451,0,3,0,13
119451,1,3,0,6
119500,0,3,0,0
119501,1,3,0,0
119551,0,3,0,5
119551,1,3,0,7
119602,0,3,0,10
119600,1,3,0,3
119650,0,3,0,10
119652,1,3,0,0
119702,0,3,0,7
119702,1,3,0,0
119751,0,3,0,10
119751,1,3,0,0
119800,0,3,0,12
119800,1,3,0,0
119852,0,3,0,14
119852,1,3,0,0
119902,0,3,0,14
119901,1,3,0,1
119951,0,3,0,7
119952,1,3,0,0
120001,0,0,0,48
120001,1,0,0,105
120052,0,0,0,45
120052,1,0,0,106
120100,0,0,0,44
120102,1,0,0,103
120152,0,0,0,51
120150,1,0,0,101
120202,0,0,0,48
120202,1,0,0,106
120250,0,0,0,46
120250,1,0,0,102
120302,0,0,0,42
120302,1,0,0,106
120350,0,0,0,45
120352,1,0,0,99
120401,0,0,0,49
120400,1,0,0,91
120450,0,0,0,43
120450,1,0,0,95
120500,0,0,0,52
120500,1,0,0,110
120552,0,0,0,56
120551,1,0,0,105
120602,0,0,0,48
120601,1,0,0,105
120651,0,0,0,52
120652,1,0,0,112
120702,0,0,0,58
120701,1,0,0,119
120751,0,0,0,55
120752,1,0,0,122
120801,0,0,0,62
120802,1,0,0,126
120850,0,0,0,67
120851,1,0,0,125
120900,0,0,0,73
120902,1,0,0,128
120951,0,0,0,68
120950,1,0,0,130
121000,0,0,0,1
121000,1,0,0,38
121051,0,0,0,6
121051,1,0,0,33
121102,0,0,0,0
121101,1,0,0,32
121151,0,0,0,7
121152,1,0,0,28
121201,0,0,0,14
121202,1,0,0,24
121251,0,0,0,19
121252,1,0,0,20
121301,0,0,0,20
121302,1,0,0,14
121352,0,0,0,22
121350,1,0,0,17
121401,0,0,0,20
121401,1,0,0,19
121450,0,0,0,15
121450,1,0,0,18
121502,0,0,0,19
121501,1,0,0,23
121552,0,0,0,19
121550,1,0,0,28
121600,0,0,0,13
121601,1,0,0,22
121652,0,0,0,16
121651,1,0,0,21
121702,0,0,0,17
121702,1,0,0,14
121752,0,0,0,11
121752,1,0,0,8
121800,0,0,0,17
121801,1,0,0,2
121850,0,0,0,20
121852,1,0,0,8
121901,0,0,0,14
121900,1,0,0,0
121951,0,0,0,12
121950,1,0,0,6
122000,0,3,0,131
122051,0,3,0,131
122051,1,3,0,192
122100,0,3,0,137
122101,1,3,0,194
122151,0,3,0,132
122150,1,3,0,194
122201,0,3,0,133
122200,1,3,0,187
122252,0,3,0,134
122250,1,3,0,184
122300,0,3,0,129
122302,1,3,0,185
122352,0,3,0,126
122350,1,3,0,183
122401,0,3,0,120
122400,1,3,0,177
122451,0,3,0,118
122450,1,3,0,178
122502,0,3,0,144
122502,1,3,0,194
122550,0,3,0,136
122552,1,3,0,201
122600,0,3,0,143
122600,1,3,0,199
122651,0,3,0,148
122651,1,3,0,193
122702,0,3,0,140
122701,1,3,0,192
122752,0,3,0,144
122752,1,3,0,192
122800,0,3,0,140
122801,1,3,0,192
122852,0,3,0,132
122850,1,3,0,189
122902,0,3,0,127
122901,1,3,0,188
122952,0,3,0,121
122952,1,3,0,187
123002,0,3,0,212
123001,1,3,0,281
123050,0,3,0,210
123050,1,3,0,274
123101,0,3,0,217
123101,1,3,0,267
123151,0,3,0,222
123151,1,3,0,266
123202,0,3,0,215
123200,1,3,0,263
123250,0,3,0,217
123251,1,3,0,270
123301,0,3,0,220
123300,1,3,0,266
123351,0,3,0,217
123350,1,3,0,261
123400,0,3,0,209
123402,1,3,0,264
123450,0,3,0,202
123452,1,3,0,264
123501,0,3,0,210
123501,1,3,0,281
123552,0,3,0,207
123552,1,3,0,288
123601,0,3,0,204
123601,1,3,0,285
123650,0,3,0,205
123650,1,3,0,282
123700,0,3,0,203
123700,1,3,0,281
123750,0,3,0,204
123750,1,3,0,288
123800,0,3,0,202
123802,1,3,0,284
123850,0,3,0,198
123850,1,3,0,282
123901,0,3,0,204
123901,1,3,0,274
123950,0,3,0,197
123952,1,3,0,266
124001,0,2,0,74
124002,1,1,0,126
124050,0,2,0,75
124050,1,1,0,120
124102,0,2,0,74
124100,1,1,0,126
124150,0,2,0,79
124152,1,1,0,126
124200,0,2,0,72
124202,1,1,0,133
124252,0,2,0,70
124250,1,1,0,132
124300,0,2,0,65
124300,1,1,0,125
124351,0,2,0,63
124351,1,1,0,124
124401,0,2,0,57
124452,0,2,0,63
124450,1,1,0,128
124502,0,2,0,61
124502,1,1,0,122
124552,0,2,1,65
124552,1,1,0,122
124600,0,2,0,70
124600,1,1,0,116
124651,0,2,0,65
124652,1,1,0,120
124702,0,2,0,72
124702,1,1,0,116
124752,0,2,0,75
124751,1,1,0,122
124800,0,2,0,82
124800,1,1,0,114
124850,0,2,0,85
124851,1,1,0,116
124902,0,2,0,90
124900,1,1,0,123
124952,0,2,0,85
124950,1,1,0,124
125001,0,2,0,156
125000,1,1,0,193
125050,0,2,0,162
125051,1,1,0,200
125102,0,2,0,167
125102,1,1,0,198
125151,0,2,0,160
125201,0,2,0,162
125201,1,1,0,203
125250,0,2,0,154
125251,1,1,0,208
125300,0,2,0,155
125300,1,1,0,209
125352,0,2,0,154
125351,1,1,0,212
125401,0,2,0,155
125400,1,1,0,219
125450,0,2,0,148
125451,1,1,0,218
125500,0,2,0,162
125502,1,1,0,244
125552,0,2,0,167
125550,1,1,0,246
125601,0,2,0,163
125602,1,1,0,242
125651,0,2,0,158
125650,1,1,0,241
125702,0,2,0,155
125702,1,1,0,236
125750,0,2,0,159
125751,1,1,0,240
125800,0,2,0,160
125801,1,1,0,238
125852,0,2,0,156
125851,1,1,0,238
125901,0,2,0,149
125901,1,1,0,239
125952,0,2,0,156
125950,1,1,0,235
126002,0,3,0,103
126002,1,3,0,223
126050,0,3,0,105
126050,1,3,0,219
126102,0,3,0,103
126100,1,3,0,220
126151,0,3,0,98
126152,1,3,0,222
126200,0,3,0,105
126200,1,3,0,229
126251,0,3,0,104
126252,1,3,0,221
126301,0,3,0,109
126301,1,3,0,218
126350,0,3,0,116
126352,1,3,0,211
126400,0,3,0,118
126400,1,3,0,208
126451,0,3,0,113
126450,1,3,0,201
126500,0,3,0,130
126500,1,3,0,219
126551,0,3,0,126
126550,1,3,0,225
126600,0,3,0,118
126601,1,3,0,217
126650,0,3,0,123
126650,1,3,0,217
126702,0,3,0,116
126700,1,3,0,218
126751,0,3,0,121
126752,1,3,0,221
126800,0,3,0,127
126802,1,3,0,226
126850,0,3,0,134
126852,1,3,0,227
126901,0,3,0,133
126902,1,3,0,229
126952,0,3,0,127
126950,1,3,0,230
127002,0,3,0,91
127002,1,3,0,196
127050,0,3,0,93
127052,1,3,0,194
127102,0,3,0,89
127101,1,3,0,188
127150,0,3,0,92
127150,1,3,0,180
127201,0,3,0,99
127200,1,3,0,175
127250,0,3,0,93
127251,1,3,0,173
127301,0,3,0,90
127300,1,3,0,168
127352,0,3,0,88
127351,1,3,0,167
127401,0,3,0,83
127401,1,3,0,166
127450,0,3,0,81
127450,1,3,0,173
127501,1,3,0,170
127552,0,3,0,74
127552,1,3,0,170
127601,0,3,0,81
127600,1,3,0,176
127652,0,3,0,88
127652,1,3,0,171
127701,0,3,0,92
127700,1,3,0,171
127750,0,3,0,87
127751,1,3,0,171
127801,0,3,0,86
127802,1,3,0,170
127852,0,3,0,83
127850,1,3,0,162
127900,0,3,0,87
127902,1,3,0,167
127952,0,3,0,91
127951,1,3,0,166
128001,0,0,0,224
128000,1,0,0,53
128052,0,0,0,223
128051,1,0,0,46
128100,0,0,0,228
128102,1,0,0,44
128151,0,0,0,226
128151,1,0,0,38
128202,0,0,0,226
128200,1,0,0,31
128250,0,0,0,225
128252,1,0,0,37
128300,0,0,0,231
128300,1,0,0,29
128351,0,0,0,225
128351,1,0,0,34
128401,0,0,0,225
128402,1,0,0,31
128450,0,0,0,223
128450,1,0,0,33
128500,0,0,0,223
128500,1,0,0,45
128552,0,0,0,225
128552,1,0,0,49
128600,0,0,0,227
128601,1,0,0,46
128651,0,0,0,224
128650,1,0,0,38
128702,0,0,0,226
128701,1,0,0,32
128751,0,0,0,220
128751,1,0,0,28
128802,0,0,0,215
128800,1,0,1,27
128852,0,0,0,207
128852,1,0,0,21
128900,0,0,0,199
128901,1,0,0,15
128952,0,0,0,199
128952,1,0,0,17
129000,0,0,0,252
129001,1,0,0,71
129050,0,0,0,250
129052,1,0,0,64
129102,0,0,0,249
129101,1,0,0,65
129150,1,0,0,63
129200,0,0,0,249
129202,1,0,0,69
129250,0,0,0,250
129252,1,0,0,66
129301,0,0,0,257
129300,1,0,0,61
129352,0,0,0,262
129352,1,0,0,61
129400,0,0,0,254
129400,1,0,0,60
129451,0,0,0,252
129451,1,0,0,62
129500,0,0,0,243
129502,1,0,0,40
129550,0,0,0,248
129551,1,0,0,33
129602,0,0,0,241
129600,1,0,0,34
129652,0,0,0,247
129650,1,0,0,30
129702,0,0,0,248
129700,1,0,0,24
129751,0,0,0,242
129750,1,0,0,29
129801,0,0,0,243
129802,1,0,0,23
129851,0,0,0,243
129852,1,0,0,19
129902,0,0,0,236
129900,1,0,0,23
129950,0,0,0,230
129950,1,0,0,27
130002,0,3,0,58
130000,1,3,0,104
130052,0,3,0,57
130050,1,3,0,96
130102,0,3,0,55
130102,1,3,0,88
130150,0,3,0,47
130152,1,3,0,87
130200,0,3,0,50
130200,1,3,0,90
130252,0,3,0,45
130252,1,3,0,93
130300,0,3,0,39
130301,1,3,0,90
130352,0,3,0,34
130350,1,3,0,95
130402,0,3,0,28
130402,1,3,0,98
130452,0,3,0,35
130452,1,3,0,102
130501,0,3,0,33
130501,1,3,0,106
130552,0,3,0,32
130550,1,3,0,113
130602,0,3,0,37
130600,1,3,0,111
130651,0,3,0,37
130651,1,3,0,112
130700,0,3,0,38
130702,1,3,0,115
130750,0,3,0,39
130750,1,3,0,112
130801,0,3,0,33
130802,1,3,0,118
130852,0,3,0,39
130851,1,3,0,116
130902,0,3,0,42
130901,1,3,0,123
130950,0,3,0,47
130952,1,3,0,116
131000,0,3,0,101
131001,1,3,0,163
131052,0,3,0,104
131050,1,3,0,160
131100,0,3,0,101
131102,1,3,0,166
131150,0,3,0,94
131150,1,3,0,164
131200,0,3,0,97
131202,1,3,0,157
131252,0,3,0,92
131251,1,3,0,156
131302,0,3,0,91
131300,1,3,0,149
131351,0,3,0,85
131350,1,3,0,155
131401,0,3,0,77
131401,1,3,0,162
131452,0,3,0,79
131450,1,3,0,155
131502,0,3,0,75
131501,1,3,0,144
131550,0,3,0,80
131552,1,3,0,139
131600,0,3,0,79
131600,1,3,0,142
131652,0,3,0,85
131651,1,3,0,135
131700,0,3,0,91
131702,1,3,0,136
131750,0,3,0,85
131750,1,3,0,143
131800,0,3,0,79
131801,1,3,0,139
131850,0,3,0,76
131852,1,3,0,137
131902,0,3,0,71
131901,1,3,0,139
131951,0,3,0,72
131950,1,3,0,132
132001,0,1,0,209
132000,1,2,0,190
132052,0,1,0,204
132050,1,2,0,194
132102,0,1,0,197
132101,1,2,0,198
132150,0,1,0,204
132150,1,2,0,191
132200,0,1,0,198
132200,1,2,0,193
132250,0,1,0,205
132252,1,2,0,199
132302,0,1,0,209
132301,1,2,0,194
132350,0,1,0,213
132350,1,2,0,186
132400,0,1,0,208
132402,1,2,0,178
132452,0,1,0,215
132452,1,2,0,172
132502,0,1,0,242
132502,1,2,0,200
132551,0,1,0,242
132600,0,1,0,235
132600,1,2,0,198
132650,0,1,0,242
132650,1,2,0,203
132701,0,1,0,238
132700,1,2,0,201
132752,0,1,0,240
132750,1,2,0,204
132802,0,1,0,246
132801,1,2,0,198
132850,0,1,0,243
132852,1,2,0,204
132901,0,1,0,246
132900,1,2,0,209
132951,0,1,0,253
132950,1,2,0,210
133001,0,1,0,261
133001,1,2,0,226
133052,0,1,0,254
133050,1,2,0,222
133102,0,1,0,253
133100,1,2,0,222
133152,0,1,0,257
133152,1,2,0,215
133201,0,1,0,254
133200,1,2,0,217
133252,0,1,0,261
133252,1,2,0,216
133301,0,1,0,260
133301,1,2,0,221
133351,0,1,0,255
133351,1,2,0,216
133401,0,1,0,249
133400,1,2,0,211
133451,0,1,0,256
133452,1,2,0,215
133500,0,1,0,276
133501,1,2,0,229
133550,0,1,0,280
133552,1,2,0,229
133602,0,1,0,285
133601,1,2,0,232
133650,0,1,0,284
133651,1,2,0,225
133700,0,1,0,279
133701,1,2,0,230
133751,0,1,0,279
133801,0,1,0,277
133800,1,2,0,222
133851,0,1,0,278
133850,1,2,0,223
133901,0,1,0,282
133900,1,2,0,223
133950,0,1,0,280
133951,1,2,0,228
134002,0,3,0,220
134002,1,3,0,220
134051,0,3,0,218
134052,1,3,0,215
134102,0,3,0,211
134100,1,3,0,209
134151,0,3,0,211
134152,1,3,0,205
134201,0,3,0,204
134202,1,3,0,204
134252,0,3,0,208
134252,1,3,0,211
134302,0,3,0,206
134302,1,3,0,207
134351,0,3,0,202
134351,1,3,0,204
134402,0,3,0,203
134402,1,3,0,201
134452,0,3,0,210
134450,1,3,0,198
134502,0,3,0,202
134500,1,3,0,183
134550,0,3,0,207
134552,1,3,0,184
134601,0,3,0,202
134600,1,3,0,187
134651,0,3,0,194
134651,1,3,0,188
134700,0,3,0,191
134702,1,3,0,187
134750,0,3,0,197
134751,1,3,0,185
134801,0,3,0,196
134801,1,3,0,190
134851,0,3,0,198
134850,1,3,0,187
134900,0,3,0,192
134900,1,3,0,194
134951,0,3,0,198
134951,1,3,0,199
135001,0,3,0,185
135002,1,3,0,184
135051,0,3,0,183
135052,1,3,0,177
135100,0,3,0,189
135100,1,3,0,178
135150,0,3,0,189
135150,1,3,0,174
135200,0,3,0,181
135201,1,3,0,170
135252,0,3,0,176
135250,1,3,0,165
135300,0,3,0,175
135301,1,3,0,163
135351,0,3,0,182
135350,1,3,0,162
135400,0,3,0,176
135400,1,3,0,162
135452,0,3,0,180
135501,0,3,0,192
135500,1,3,0,176
135551,0,3,0,188
135550,1,3,0,173
135602,0,3,0,183
135602,1,3,0,168
135652,0,3,0,181
135650,1,3,0,169
135702,0,3,0,178
135702,1,3,0,170
135752,0,3,0,180
135752,1,3,0,164
135802,0,3,0,173
135801,1,3,0,167
135852,0,3,0,174
135852,1,3,0,167
135902,0,3,0,176
135902,1,3,0,162
135950,1,3,0,159
136000,0,0,0,115
136000,1,2,0,154
136051,0,0,0,113
136052,1,2,0,147
136101,0,0,0,105
136100,1,2,0,152
136152,0,0,0,105
136151,1,2,0,146
136200,0,0,0,102
136201,1,2,0,149
136251,0,0,0,98
136302,0,0,0,96
136300,1,2,0,153
136351,0,0,0,88
136351,1,2,0,157
136400,0,0,0,82
136401,1,2,0,153
136450,0,0,0,82
136451,1,2,0,160
136501,0,0,0,99
136502,1,2,0,166
136550,0,0,0,106
136551,1,2,0,170
136602,0,0,0,99
136600,1,2,0,171
136650,0,0,0,94
136651,1,2,0,173
136701,0,0,0,88
136701,1,2,0,170
136751,0,0,0,83
136751,1,2,0,177
136801,0,0,0,79
136802,1,2,0,174
136852,0,0,0,80
136850,1,2,0,170
136901,0,0,0,79
136901,1,2,0,170
136951,0,0,0,74
136950,1,2,0,167
137002,0,0,0,146
137001,1,2,0,231
137050,0,0,0,150
137050,1,2,0,234
137100,0,0,0,144
137101,1,2,0,236
137150,0,0,0,138
137152,1,2,0,241
137202,0,0,0,136
137201,1,2,0,248
137252,0,0,0,134
137252,1,2,0,245
137302,0,0,0,135
137300,1,2,0,240
137350,0,0,0,132
137352,1,2,0,239
137402,0,0,0,128
137400,1,2,0,231
137451,0,0,0,132
137451,1,2,0,235
137501,0,0,0,142
137502,1,2,0,246
137551,0,0,0,149
137551,1,2,0,239
137600,0,0,0,145
137600,1,2,0,238
137652,0,0,0,139
137652,1,2,0,232
137700,0,0,0,144
137701,1,2,0,228
137752,0,0,0,141
137751,1,2,0,220
137801,0,0,0,141
137801,1,2,0,223
137851,0,0,0,147
137851,1,2,0,226
137902,0,0,0,146
137901,1,2,0,227
137951,0,0,0,139
137952,1,2,0,231
138002,0,2,0,6
138001,1,0,0,74
138050,0,2,0,8
138051,1,0,0,67
138101,0,2,0,3
138101,1,0,0,62
138150,0,2,0,0
138151,1,0,0,63
138200,0,2,0,3
138200,1,0,0,67
138252,0,2,0,8
138251,1,0,0,74
138302,0,2,0,7
138300,1,0,0,77
138350,0,2,0,13
138351,1,0,0,84
138401,0,2,0,20
138402,1,0,0,86
138450,0,2,0,20
138451,1,0,0,82
138500,0,2,0,33
138502,1,0,0,101
138551,0,2,0,32
138550,1,0,0,102
138602,0,2,0,30
138602,1,0,0,99
138652,0,2,0,34
138653,1,0,0,97
138702,0,2,0,39
138702,1,0,0,104
138751,0,2,0,40
138750,1,0,0,101
138801,0,2,0,35
138800,1,0,0,108
138850,0,2,0,36
138850,1,0,0,100
138902,0,2,0,36
138900,1,0,0,107
138952,0,2,0,28
138951,1,0,0,103
139001,0,2,0,35
139001,1,0,0,111
139051,0,2,0,29
139052,1,0,0,113
139100,0,2,0,28
139102,1,0,0,117
139150,0,2,0,25
139152,1,0,0,121
139200,0,2,0,30
139202,1,0,0,123
139250,0,2,0,28
139252,1,0,0,124
139301,0,2,0,35
139300,1,0,0,117
139351,0,2,0,42
139350,1,0,0,115
139402,0,2,0,40
139402,1,0,0,122
139451,0,2,0,37
139451,1,0,0,118
139501,0,2,0,37
139500,1,0,0,121
139552,0,2,0,32
139552,1,0,0,117
139600,0,2,0,24
139600,1,0,0,116
139652,0,2,0,20
139650,1,0,0,110
139701,0,2,0,15
139701,1,0,0,117
139752,0,2,0,8
139750,1,0,0,115
139800,0,2,0,6
139801,1,0,0,121
139851,0,2,0,0
139851,1,0,0,127
139902,0,2,0,0
139901,1,0,0,128
139952,0,2,0,0
139951,1,0,0,133
140001,0,3,0,63
140001,1,3,0,166
140050,0,3,0,59
140051,1,3,0,171
140100,0,3,0,64
140150,0,3,0,65
140201,0,3,0,67
140201,1,3,0,167
140252,0,3,0,64
140251,1,3,0,166
140302,0,3,0,57
140301,1,3,0,168
140351,0,3,0,56
140352,1,3,0,171
140400,0,3,0,61
140400,1,3,0,177
140451,0,3,0,54
140451,1,3,0,181
140502,0,3,0,68
140501,1,3,0,196
140550,0,3,0,64
140551,1,3,0,194
140600,0,3,0,67
140600,1,3,0,191
140652,0,3,0,63
140652,1,3,0,196
140701,0,3,0,56
140701,1,3,0,190
140751,0,3,0,50
140750,1,3,0,195
140801,0,3,0,49
140800,1,3,0,187
140851,0,3,0,42
140850,1,3,0,183
140900,0,3,0,44
140902,1,3,0,184
140951,0,3,0,43
140950,1,3,0,184
141001,0,3,0,5
141002,1,3,0,120
141052,0,3,0,0
141052,1,3,0,126
141102,0,3,0,0
141101,1,3,0,119
141150,0,3,0,0
141152,1,3,0,115
141201,0,3,0,7
141200,1,3,0,119
141250,0,3,0,14
141252,1,3,0,121
141301,0,3,0,10
141302,1,3,0,126
141352,0,3,0,17
141350,1,3,0,132
141402,0,3,0,9
141402,1,3,0,138
141450,0,3,0,6
141450,1,3,0,143
141501,0,3,0,0
141500,1,3,0,121
141552,0,3,0,0
141552,1,3,0,118
141600,0,3,0,2
141601,1,3,0,122
141652,0,3,0,9
141650,1,3,0,115
141702,0,3,0,12
141702,1,3,0,121
141751,0,3,0,10
141750,1,3,0,128
141802,0,3,0,4
141800,1,3,0,134
141850,0,3,0,0
141850,1,3,0,132
141900,0,3,0,0
141901,1,3,0,133
141952,0,3,0,5
141951,1,3,0,125
142000,0,0,0,112
142001,1,0,0,106
142052,0,0,0,106
142051,1,0,0,106
142102,0,0,0,98
142101,1,0,0,100
142152,0,0,0,92
142152,1,0,0,98
142200,0,0,0,84
142200,1,0,0,91
142252,0,0,0,81
142252,1,0,0,95
142300,0,0,0,75
142300,1,0,0,91
142350,0,0,0,67
142352,1,0,0,90
142400,0,0,0,65
142400,1,0,0,97
142450,0,0,0,59
142451,1,0,0,94
142500,0,0,0,52
142500,1,0,0,97
142551,0,0,0,51
142550,1,0,0,96
142602,0,0,0,50
142600,1,0,0,101
142651,0,0,0,50
142652,1,0,0,96
142702,0,0,0,44
142702,1,0,0,93
142750,0,0,0,50
142752,1,0,0,100
142802,0,0,0,48
142801,1,0,0,104
142851,0,0,0,42
142852,1,0,0,104
142900,0,0,0,46
142900,1,0,0,101
142950,0,0,0,53
142950,1,0,0,106
143001,0,0,0,0
143001,1,0,0,17
143050,0,0,0,0
143051,1,0,0,22
143100,0,0,0,5
143102,1,0,0,22
143150,0,0,0,0
143152,1,0,0,24
143200,0,0,0,0
143202,1,0,0,23
143251,0,0,0,3
143252,1,0,0,23
143302,0,0,0,7
143302,1,0,0,27
143351,0,0,0,12
143352,1,0,0,19
143402,0,0,0,15
143400,1,0,0,24
143452,0,0,0,15
143450,1,0,0,27
143502,0,0,0,11
143500,1,0,0,23
143550,0,0,0,14
143550,1,0,0,28
143602,0,0,0,19
143600,1,0,0,24
143652,0,0,0,12
143650,1,0,0,17
143702,0,0,0,15
143700,1,0,0,10
143751,0,0,0,12
143750,1,0,0,17
143801,0,0,0,8
143801,1,0,0,23
143851,0,0,0,0
143850,1,0,0,28
143900,0,0,0,4
143901,1,0,0,35
143952,0,0,0,10
143951,1,0,0,28
144001,0,0,0,37
144001,1,0,0,243
144050,0,0,0,44
144051,1,0,0,235
144100,0,0,0,38
144102,1,0,0,242
144151,0,0,0,33
144151,1,0,0,240
144200,0,0,0,40
144202,1,0,0,240
144250,0,0,0,43
144250,1,0,0,242
144300,0,0,0,38
144301,1,0,0,246
144350,0,0,0,38
144351,1,0,0,250
144402,0,0,0,45
144400,1,0,0,249
144452,0,0,0,46
144452,1,0,0,241
144501,0,0,0,52
144502,1,0,0,237
144552,0,0,0,44
144550,1,0,0,239
144600,0,0,0,43
144600,1,0,0,234
144652,0,0,0,49
144651,1,0,0,236
144701,0,0,0,42
144751,0,0,0,37
144752,1,0,0,237
144802,0,0,0,38
144802,1,0,0,236
144850,0,0,0,43
144851,1,0,0,241
144901,0,0,0,44
144901,1,0,0,246
144952,0,0,0,43
144950,1,0,0,246
145002,0,0,0,19
145002,1,0,0,221
145051,0,0,0,13
145051,1,0,0,213
145100,0,0,0,10
145100,1,0,0,205
145151,0,0,0,14
145151,1,0,0,202
145202,0,0,0,20
145202,1,0,0,198
145250,0,0,0,12
145252,1,0,0,197
145301,0,0,0,11
145300,1,0,0,204
145352,0,0,0,16
145351,1,0,0,209
145400,0,0,0,17
145402,1,0,0,204
145450,0,0,0,22
145451,1,0,0,203
145502,0,0,0,33
145500,1,0,0,224
145552,0,0,0,28
145551,1,0,0,224
145601,0,0,0,35
145602,1,0,0,230
145650,0,0,0,29
145650,1,0,0,228
145700,0,0,0,24
145701,1,0,0,224
145751,0,0,0,25
145750,1,0,0,223
145801,0,0,0,28
145802,1,0,0,222
145850,0,0,0,26
145850,1,0,0,224
145902,0,0,0,26
145901,1,0,0,219
145951,0,0,0,22
145950,1,0,0,212
146002,0,3,0,73
146001,1,3,0,14
146052,0,3,0,65
146051,1,3,0,20
146102,0,3,0,68
146101,1,3,0,21
146150,0,3,0,74
146152,1,3,0,27
146201,0,3,0,77
146200,1,3,0,22
146251,0,3,0,78
146252,1,3,0,17
146300,0,3,0,80
146300,1,3,0,17
146352,0,3,0,84
146352,1,3,0,10
146401,0,3,0,78
146401,1,3,0,7
146452,0,3,0,71
146450,1,3,0,0
146501,0,3,0,88
146502,1,3,0,26
146552,0,3,0,83
146550,1,3,0,33
146602,0,3,0,82
146601,1,3,0,37
146652,0,3,0,74
146651,1,3,0,33
146702,0,3,0,75
146702,1,3,0,30
146752,0,3,0,68
146751,1,3,0,24
146802,0,3,0,68
146800,1,3,0,24
146852,0,3,0,70
146851,1,3,0,19
146901,0,3,0,67
146902,1,3,0,25
146951,0,3,0,68
146951,1,3,0,23
147000,0,3,0,122
147002,1,3,0,77
147052,0,3,0,124
147050,1,3,0,70
147100,0,3,0,119
147102,1,3,0,66
147150,0,3,0,118
147150,1,3,0,69
147201,0,3,0,116
147201,1,3,0,68
147250,0,3,0,114
147250,1,3,0,62
147301,0,3,0,114
147350,0,3,0,121
147352,1,3,0,59
147402,0,3,0,126
147401,1,3,0,65
147450,0,3,0,130
147451,1,3,0,60
147502,0,3,0,127
147502,1,3,0,61
147552,0,3,0,119
147551,1,3,0,55
147602,0,3,0,123
147601,1,3,0,55
147650,0,3,0,123
147650,1,3,0,47
147700,0,3,0,120
147700,1,3,0,42
147752,0,3,0,112
147751,1,3,0,46
147801,0,3,0,109
147801,1,3,0,49
147852,0,3,0,110
147851,1,3,0,43
147902,0,3,0,108
147902,1,3,0,36
147952,0,3,0,103
147950,1,3,0,30
148001,0,0,0,208
148001,1,0,0,4
148050,0,0,0,202
148051,1,0,0,10
148100,0,0,0,201
148101,1,0,0,2
148150,0,0,0,201
148152,1,0,0,4
148200,0,0,0,202
148201,1,0,0,9
148252,0,0,0,202
148251,1,0,0,3
148301,0,0,0,199
148301,1,0,0,1
148351,0,0,0,192
148351,1,0,0,0
148402,0,0,0,188
148400,1,0,0,0
148452,0,0,0,184
148452,1,0,0,3
148500,0,0,0,204
148501,1,0,0,31
148550,0,0,0,197
148551,1,0,0,33
148602,0,0,0,195
148601,1,0,0,27
148650,0,0,0,194
148650,1,0,0,21
148702,0,0,0,200
148700,1,0,0,17
148752,0,0,0,194
148752,1,0,0,18
148800,0,0,0,200
148801,1,0,0,13
148850,0,0,0,206
148851,1,0,0,15
148901,0,0,0,209
148902,1,0,0,7
148950,0,0,0,203
148952,1,0,0,13
149000,0,0,0,104
149002,1,0,0,0
149052,0,0,0,110
149050,1,0,0,2
149102,0,0,0,103
149101,1,0,0,4
149151,0,0,0,110
149150,1,0,0,2
149200,0,0,0,116
149201,1,0,0,0
149251,0,0,0,114
149251,1,0,0,0
149301,0,0,0,118
149300,1,0,0,0
149351,0,0,0,120
149352,1,0,0,3
149401,0,0,0,122
149400,1,0,0,5
149450,0,0,0,126
149451,1,0,0,11
149501,0,0,0,119
149500,1,0,0,9
149552,0,0,0,121
149551,1,0,0,14
149601,1,0,0,17
149650,0,0,0,113
149702,0,0,0,117
149700,1,0,0,9
149752,0,0,0,113
149751,1,0,0,11
149800,0,0,0,110
149802,1,0,0,13
149852,0,0,0,114
149852,1,0,0,8
149900,0,0,0,116
149901,1,0,0,9
149950,0,0,0,117
149952,1,0,0,3
150002,0,3,0,142
150002,1,3,0,20
150050,0,3,0,144
150051,1,3,0,14
150102,0,3,0,137
150101,1,3,0,18
150150,0,3,0,134
150150,1,3,0,11
150202,0,3,0,130
150200,1,3,0,14
150252,0,3,0,124
150252,1,3,0,13
150300,0,3,0,118
150301,1,3,0,8
150352,0,3,0,110
150351,1,3,0,13
150401,0,3,0,108
150402,1,3,0,12
150451,0,3,0,112
150451,1,3,0,8
150502,0,3,0,121
150500,1,3,0,19
150552,0,3,0,121
150551,1,3,0,15
150602,0,3,0,121
150602,1,3,0,10
150652,0,3,0,113
150651,1,3,0,15
150702,0,3,0,108
150701,1,3,0,15
150750,0,3,0,110
150752,1,3,0,11
150802,0,3,0,105
150800,1,3,0,11
150852,0,3,0,110
150851,1,3,0,14
150902,0,3,0,115
150902,1,3,0,12
150952,0,3,0,121
150950,1,3,0,9
151000,0,3,0,73
151000,1,3,0,7
151051,0,3,0,78
151052,1,3,0,3
151100,0,3,0,75
151101,1,3,0,10
151152,0,3,0,76
151152,1,3,0,10
151201,0,3,0,77
151200,1,3,0,7
151252,0,3,0,83
151250,1,3,0,3
151302,0,3,0,79
151302,1,3,0,0
151351,0,3,0,77
151350,1,3,0,0
151400,0,3,0,70
151400,1,3,0,0
151450,0,3,0,77
151450,1,3,0,4
151501,0,3,0,62
151500,1,3,0,0
151551,0,3,0,68
151551,1,3,0,4
151602,0,3,0,69
151602,1,3,0,0
151650,0,3,0,72
151650,1,3,0,4
151702,0,3,0,66
151701,1,3,0,4
151751,0,3,0,60
151752,1,3,0,0
151802,0,3,0,54
151801,1,3,0,0
151850,0,3,0,58
151851,1,3,0,0
151901,0,3,0,54
151902,1,3,0,0
151952,0,3,0,59
151952,1,3,0,0
152000,0,1,0,2
152000,1,1,0,127
152052,0,1,0,7
152051,1,1,0,124
152100,0,1,0,10
152102,1,1,0,131
152150,0,1,0,3
152152,1,1,0,130
152200,0,1,0,8
152200,1,1,0,133
152251,0,1,0,0
152302,0,1,0,3
152300,1,1,0,135
152352,0,1,0,0
152352,1,1,0,130
152402,0,1,0,3
152401,1,1,0,125
152451,0,1,0,1
152451,1,1,0,124
152502,0,1,0,19
152501,1,1,0,147
152550,0,1,0,15
152550,1,1,0,139
152600,0,1,0,14
152600,1,1,0,142
152652,0,1,0,19
152651,1,1,0,134
152702,0,1,0,21
152702,1,1,0,133
152751,0,1,0,17
152752,1,1,0,128
152800,0,1,0,13
152800,1,1,0,121
152851,0,1,0,15
152850,1,1,0,125
152902,0,1,0,16
152902,1,1,0,129
152951,0,1,0,10
152952,1,1,0,129
153001,0,1,0,94
153000,1,1,0,220
153050,0,1,0,98
153052,1,1,0,227
153102,0,1,0,104
153101,1,1,0,230
153152,0,1,0,108
153152,1,1,0,225
153202,0,1,0,101
153200,1,1,0,228
153251,0,1,0,100
153251,1,1,0,220
153300,0,1,0,95
153300,1,1,0,224
153351,0,1,0,101
153350,1,1,0,219
153400,0,1,0,108
153401,1,1,0,217
153450,0,1,0,110
153452,1,1,0,221
153501,0,1,0,106
153501,1,1,0,228
153551,0,1,0,113
153550,1,1,0,226
153601,0,1,0,115
153602,1,1,0,220
153652,0,1,0,107
153650,1,1,0,224
153701,0,1,0,99
153700,1,1,0,224
153752,0,1,0,103
153752,1,1,0,217
153800,0,1,0,104
153801,1,1,0,216
153852,0,1,0,105
153850,1,1,0,212
153900,0,1,0,102
153900,1,1,0,217
153951,0,1,0,109
153952,1,1,0,218
154001,0,3,0,96
154002,1,0,0,3
154051,0,3,0,93
154052,1,0,0,0
154101,0,3,0,89
154102,1,0,0,0
154151,0,3,0,84
154152,1,0,0,0
154200,0,3,0,91
154201,1,0,0,0
154252,0,3,0,94
154250,1,0,0,0
154301,0,3,0,98
154300,1,0,0,3
154351,0,3,0,105
154350,1,0,0,0
154400,0,3,0,103
154402,1,0,0,3
154452,0,3,0,106
154450,1,0,0,0
154500,0,3,0,127
154500,1,0,0,16
154551,0,3,0,119
154551,1,0,0,20
154602,0,3,0,117
154602,1,0,0,14
154651,0,3,0,119
154651,1,0,0,21
154700,0,3,0,123
154700,1,0,0,14
154752,0,3,0,122
154752,1,0,0,18
154802,0,3,0,129
154802,1,0,0,17
154851,0,3,0,135
154850,1,0,0,24
154900,0,3,0,140
154900,1,0,0,24
154951,0,3,0,137
154950,1,0,0,17
155002,0,3,0,109
155002,1,0,0,0
155050,0,3,0,102
155050,1,0,0,6
155102,0,3,0,104
155100,1,0,0,9
155150,0,3,0,97
155151,1,0,0,8
155201,0,3,0,103
155201,1,0,0,1
155252,0,3,0,101
155250,1,0,0,1
155300,0,3,0,108
155302,1,0,0,4
155350,0,3,0,106
155352,1,0,0,1
155400,0,3,0,107
155400,1,0,0,4
155450,0,3,0,106
155452,1,0,0,11
155502,0,3,0,107
155503,1,0,0,16
155550,0,3,0,105
155552,1,0,0,11
155600,0,3,0,111
155600,1,0,0,15
155651,0,3,0,111
155652,1,0,0,15
155702,0,3,0,108
155701,1,0,0,11
155751,0,3,0,111
155750,1,0,0,10
155802,0,3,0,116
155803,1,0,0,2
155851,0,3,0,111
155850,1,0,0,8
155900,0,3,0,107
155901,1,0,0,15
155951,0,3,0,107
155951,1,0,0,18
156000,0,0,0,64
156002,1,3,0,101
156051,0,0,0,60
156051,1,3,0,100
156102,0,0,0,63
156102,1,3,0,102
156150,0,0,0,70
156152,1,3,0,102
156201,0,0,0,66
156200,1,3,0,100
156250,0,0,0,63
156250,1,3,0,104
156300,0,0,0,67
156300,1,3,0,105
156352,0,0,0,62
156352,1,3,0,98
156400,0,0,0,64
156402,1,3,0,101
156450,0,0,0,58
156451,1,3,0,94
156500,0,0,0,52
156502,1,3,0,94
156550,0,0,0,44
156551,1,3,0,101
156601,0,0,0,44
156600,1,3,0,104
156651,0,0,0,36
156651,1,3,0,111
156700,0,0,0,35
156702,1,3,0,103
156750,0,0,0,42
156752,1,3,0,100
156802,0,0,0,46
156801,1,3,0,97
156851,0,0,0,46
156852,1,3,0,103
156901,0,0,0,51
156900,1,3,0,110
156952,0,0,0,50
156950,1,3,0,110
157001,0,0,0,91
157002,1,3,0,150
157050,0,0,0,83
157052,1,3,0,154
157102,0,0,0,75
157102,1,3,0,151
157150,0,0,0,75
157150,1,3,0,146
157200,0,0,0,68
157201,1,3,0,141
157251,0,0,0,70
157251,1,3,0,133
157300,0,0,0,68
157300,1,3,0,126
157352,0,0,0,69
157350,1,3,0,118
157400,0,0,0,71
157400,1,3,0,123
157452,0,0,0,70
157452,1,3,0,120
157502,0,0,0,51
157502,1,3,0,105
157550,0,0,0,54
157550,1,3,0,107
157601,0,0,0,57
157600,1,3,0,106
157650,0,0,0,57
157651,1,3,0,108
157701,0,0,0,64
157702,1,3,0,100
157750,0,0,0,67
157751,1,3,0,100
157802,0,0,0,66
157801,1,3,0,106
157850,0,0,0,60
157852,1,3,0,99
157902,0,0,0,52
157901,1,3,0,98
157952,0,0,0,48
157951,1,3,0,102
158000,0,2,0,245
158001,1,2,0,16
158050,0,2,0,247
158051,1,2,0,12
158101,0,2,0,252
158100,1,2,0,15
158152,0,2,0,244
158151,1,2,0,7
158201,0,2,0,241
158202,1,2,0,8
158251,0,2,0,241
158251,1,2,0,14
158300,0,2,0,246
158303,1,2,0,7
158351,0,2,0,247
158350,1,2,0,13
158402,0,2,0,243
158402,1,2,0,12
158451,0,2,0,250
158450,1,2,0,12
158502,0,2,0,252
158500,1,2,0,0
158552,0,2,0,258
158550,1,2,0,1
158602,0,2,0,252
158600,1,2,0,0
158650,0,2,0,259
158652,1,2,0,5
158700,0,2,0,262
158702,1,2,0,10
158751,0,2,0,263
158751,1,2,0,3
158801,0,2,0,262
158801,1,2,0,2
158852,0,2,0,258
158852,1,2,0,4
158900,0,2,0,255
158901,1,2,0,4
158950,0,2,0,258
158951,1,2,0,0
159002,0,2,0,243
159002,1,2,0,0
159051,0,2,0,238
159051,1,2,0,0
159100,0,2,0,243
159101,1,2,0,0
159151,0,2,0,248
159151,1,2,0,0
159202,0,2,0,253
159201,1,2,0,0
159251,0,2,0,252
159252,1,2,0,0
159301,0,2,0,254
159301,1,2,0,6
159351,0,2,0,247
159350,1,2,0,4
159400,0,2,0,240
159402,1,2,0,7
159450,0,2,0,232
159450,1,2,0,0
159502,0,2,0,226
159502,1,2,0,6
159550,0,2,0,225
159551,1,2,0,0
159602,0,2,0,228
159600,1,2,0,0
159652,0,2,0,225
159652,1,2,0,0
159702,0,2,0,223
159701,1,2,0,5
159752,0,2,0,215
159752,1,2,0,0
159801,0,2,0,214
159802,1,2,0,7
159850,0,2,0,211
159851,1,2,0,11
159901,0,2,0,218
159901,1,2,0,16
159951,0,2,0,219
159950,1,2,0,14
