163,0,6,84,95,112
182,1,7,75,85,71
202,0,6,254,99,132
222,1,7,117,65,12
263,0,6,255,58,136
283,1,7,121,87,255
304,0,6,73,121,88
324,1,7,106,85,255
346,0,6,48,135,132
389,1,7,108,70,46
410,0,6,48,87,130
430,1,7,116,71,45
451,0,6,255,87,164
499,0,6,36,97,137
541,1,7,131,94,255
562,0,6,32,101,127
622,0,6,60,118,119
643,1,7,134,61,32
663,0,6,58,111,124
684,1,7,105,87,53
724,0,6,255,104,148
745,1,7,97,86,50
765,0,6,33,93,144
786,1,7,130,74,255
868,0,6,28,123,129
888,1,7,124,65,40
908,0,6,48,119,141
950,1,7,123,68,26
971,0,6,38,114,137
1032,0,6,38,123,138
1073,0,6,47,112,141
1093,1,7,119,73,28
1134,0,6,40,119,130
1174,0,6,14,93,175
1195,1,7,143,84,24
1216,0,6,50,99,131
1256,1,7,117,60,60
1277,0,6,41,134,121
1297,1,7,130,66,31
1338,0,6,34,111,132
1379,0,6,32,110,151
1399,1,7,122,70,22
1440,0,6,43,116,143
1480,0,6,38,117,143
1501,1,7,120,73,25
1541,0,6,37,113,137
1582,0,6,37,115,139
1602,1,7,124,74,28
1625,0,6,36,111,146
1646,1,7,118,69,29
1695,0,6,33,118,143
1736,0,6,16,118,147
1756,1,7,127,82,16
1797,0,6,54,117,134
1838,0,6,58,122,129
1858,1,7,113,78,22
1901,0,6,65,140,124
1951,0,6,64,142,134
1992,0,6,64,138,134
2012,1,7,108,70,57
2035,0,6,26,106,164
2095,0,6,29,108,149
2116,1,7,122,103,255
2157,0,6,47,127,132
2207,0,6,46,124,138
2248,0,6,45,111,140
2268,1,7,118,72,28
2290,0,6,41,118,142
2311,1,7,113,79,21
2412,0,6,30,106,148
2444,0,6,255,91,152
2465,1,7,76,72,20
2514,0,6,47,123,78
2555,0,6,56,120,131
2575,1,7,127,80,63
2616,0,6,74,106,131
2657,0,6,20,255,156
2677,1,7,127,104,254
2700,0,6,255,85,97
2720,1,7,107,116,255
2770,0,6,32,107,100
2811,0,6,42,105,118
2831,1,7,97,68,43
2872,0,6,29,83,131
2913,0,6,255,82,120
2933,1,7,97,95,5
2976,0,6,255,72,135
3078,0,6,60,166,46
3110,0,6,59,134,91
3130,1,7,92,68,60
3180,0,6,53,62,93
3221,0,6,38,47,111
3241,1,7,108,93,48
3283,0,6,24,88,105
3323,0,6,255,95,104
3344,1,7,58,65,255
3366,0,6,255,45,59
3386,1,7,77,116,255
3436,0,6,60,100,81
3476,0,6,253,153,111
3496,1,7,78,72,47
3519,0,6,27,117,83
3540,1,7,75,64,21
3590,0,6,20,111,80
3630,0,6,24,117,81
3651,1,7,73,58,21
3692,0,6,255,114,71
3753,1,7,60,51,32
3775,0,6,158,140,80
3796,1,7,82,140,97
3845,0,6,106,78,62
3886,0,6,25,104,255
3906,1,7,64,163,255
3947,0,6,255,77,74
3988,0,6,100,88,61
4008,1,7,86,49,255
4031,0,6,13,91,102
4092,0,6,253,164,108
4112,1,7,70,70,16
4153,0,6,39,98,73
4203,0,6,20,117,92
4265,1,7,75,59,255
4287,0,6,255,129,180
4328,1,7,254,66,255
4348,0,6,58,35,65
4369,1,7,24,94,96
4409,0,6,61,124,160
4450,0,6,88,131,59
4470,1,7,138,66,83
4595,0,6,38,156,48
4615,1,7,82,73,255
4665,0,6,28,148,120
4705,0,6,255,120,107
4725,1,7,78,63,0
4819,0,6,25,51,14
4850,0,6,35,4,96
4871,1,7,88,81,255
4920,0,6,255,143,189
4961,0,6,71,58,196
4981,1,7,58,141,58
5004,0,6,42,118,79
5025,1,7,253,92,129
5074,0,6,24,69,59
5126,0,6,255,27,74
5176,0,6,57,100,62
5217,0,6,30,94,94
5237,1,7,81,32,50
5312,0,6,27,73,101
5332,1,7,110,65,255
5362,0,6,51,170,42
5382,1,7,15,45,3
5433,0,6,255,160,99
5474,0,6,255,54,167
5494,1,7,255,130,143
5516,0,6,93,27,134
5536,1,7,54,133,59
5586,0,6,81,66,104
5627,0,6,53,163,35
5647,1,7,98,165,7
5688,0,6,22,81,15
5729,0,6,255,122,34
5749,1,7,63,88,255
5772,0,6,38,119,81
5792,1,7,105,76,33
5842,0,6,24,118,89
5883,0,6,5,82,64
5903,1,7,82,81,14
5944,0,6,8,94,120
5964,1,7,36,86,25
5984,0,6,23,120,95
6005,1,7,81,61,8
6098,0,6,255,133,93
6138,0,6,54,123,61
6158,1,7,58,24,60
6181,0,6,113,95,63
6202,1,7,78,100,112
6252,0,6,75,132,58
6272,1,7,76,49,9
6292,0,6,254,69,95
6353,0,6,255,59,93
6394,0,6,255,97,134
6415,1,7,79,54,48
6437,0,6,105,104,65
6458,1,7,64,58,11
6507,0,6,28,139,93
6548,0,6,84,61,9
6609,0,6,255,175,112
6650,0,6,9,111,79
6670,1,7,18,59,255
6693,0,6,255,120,107
6713,1,7,23,57,255
6763,0,6,255,77,88
6804,0,6,82,103,47
6824,1,7,144,110,152
6865,0,6,48,139,116
6906,0,6,28,127,41
6926,1,7,87,45,61
6969,0,6,54,36,85
7019,0,6,8,39,58
7059,0,6,255,95,75
7080,1,7,48,119,255
7103,0,6,1,69,76
7123,1,7,50,53,255
7173,0,6,29,99,65
7213,0,6,38,73,255
7234,1,7,93,90,91
7257,0,6,32,255,28
7277,1,7,81,58,86
7329,1,7,94,54,53
7379,0,6,255,100,52
7429,0,6,2,107,39
7469,0,6,64,90,37
7489,1,7,56,62,22
7513,0,6,51,62,129
7533,1,7,36,70,255
7582,0,6,1,94,139
7623,0,6,2,85,87
7684,0,6,12,91,81
7725,0,6,255,77,58
7745,1,7,122,101,255
7768,0,6,50,94,48
7789,1,7,62,30,255
7838,0,6,20,93,44
7879,0,6,30,73,43
7899,1,7,102,105,71
7940,0,6,38,55,46
7981,0,6,45,49,93
8001,1,7,100,147,115
8024,0,6,254,46,255
8044,1,7,249,252,254
8094,0,6,49,69,14
8135,0,6,255,139,88
8155,1,7,61,63,253
8178,0,6,22,83,96
8198,1,7,91,53,71
8248,0,6,24,85,85
8309,1,7,255,176,41
8350,0,6,255,85,144
8391,0,6,255,70,131
8411,1,7,229,10,255
8434,0,6,255,53,47
8474,1,7,254,158,255
8494,0,6,15,72,13
8515,1,7,14,81,79
8556,0,6,140,58,72
8588,0,6,123,25,99
8608,1,7,255,62,32
8658,0,6,81,67,111
8701,0,6,255,73,92
8722,1,7,147,146,225
8742,0,6,255,2,3
8762,1,7,109,255,249
8812,0,6,20,135,115
8852,0,6,255,63,55
8872,1,7,85,82,29
8913,0,6,34,80,45
8954,0,6,36,43,36
8974,1,7,70,69,14
8997,0,6,54,15,32
9017,1,7,92,96,1
9067,0,6,52,160,56
9108,0,6,255,189,25
9128,1,7,21,93,255
9169,0,6,111,138,21
9209,0,6,254,171,73
9230,1,7,21,72,173
9272,0,6,30,101,46
9304,0,6,14,89,255
9325,1,7,254,152,196
9374,0,6,59,20,255
9416,0,6,119,255,101
9436,1,7,92,115,78
9476,0,6,255,93,158
9517,0,6,4,82,89
9537,1,7,61,25,10
9560,0,6,27,138,66
9580,1,7,49,0,255
9682,0,6,63,102,39
9722,0,6,66,57,41
9743,1,7,105,118,255
9784,0,6,249,116,2
9824,0,6,21,116,83
9845,1,7,82,176,255
9885,0,6,39,130,57
9926,0,6,76,119,255
9946,1,7,76,255,255
9989,0,6,55,114,106
10030,0,6,255,68,146
10050,1,7,54,7,41
10091,0,6,48,198,93
10132,0,6,255,104,55
10152,1,7,80,89,255
10193,0,6,15,119,53
10234,0,6,2,113,76
10254,1,7,161,9,255
10295,0,6,14,135,123
10336,0,6,12,75,89
10356,1,7,187,128,255
10399,0,6,69,89,95
10449,0,6,57,99,55
10489,0,6,38,69,96
10510,1,7,173,138,254
10533,0,6,42,78,87
10553,1,7,22,255,255
10603,0,6,255,119,160
10643,0,6,59,87,21
10664,1,7,135,159,44
10705,0,6,255,112,63
10746,0,6,51,84,253
10766,1,7,64,86,253
10789,0,6,51,61,64
10809,1,7,51,54,255
10859,0,6,255,23,112
10900,0,6,0,26,87
10920,1,7,139,52,255
10943,0,6,84,11,119
10966,1,7,102,124,12
11013,0,6,76,93,147
11053,0,6,45,136,112
11074,1,7,254,88,53
11114,0,6,255,255,251
11175,1,7,98,77,18
11198,0,6,255,102,114
11219,1,7,100,85,0
11270,1,7,43,117,46
11361,0,6,255,78,114
11381,1,7,61,85,255
11422,0,6,23,191,30
11463,0,6,74,141,68
11483,1,7,57,45,4
11524,0,6,115,255,116
11585,1,7,255,0,74
11608,0,6,57,103,135
11628,1,7,129,3,75
11678,0,6,254,197,3
11718,0,6,73,127,171
11762,0,6,254,41,100
11782,1,7,81,128,255
11832,0,6,63,86,50
11872,0,6,255,139,65
11934,0,6,36,90,64
11974,0,6,35,98,38
11995,1,7,112,211,157
12036,0,6,20,72,51
12097,1,7,241,253,255
12119,0,6,255,130,103
12160,1,7,80,43,41
12200,1,7,109,38,255
12241,0,6,79,159,141
12282,0,6,85,28,152
12302,1,7,73,45,22
12343,0,6,97,8,113
12384,0,6,16,68,13
12404,1,7,58,94,16
12445,0,6,254,86,89
12486,0,6,255,80,64
12506,1,7,87,96,12
12529,0,6,3,137,67
12549,1,7,74,82,22
12651,0,6,66,127,105
12712,1,7,45,60,7
12753,0,6,254,143,50
12793,0,6,255,147,133
12814,1,7,10,110,2
12855,0,6,255,91,149
12896,0,6,75,84,7
12916,1,7,166,163,112
12939,0,6,58,92,94
12979,1,7,97,12,20
12999,0,6,15,123,12
13020,1,7,114,89,39
13061,0,6,40,86,90
13101,0,6,255,87,73
13122,1,7,107,99,255
13163,0,6,21,81,28
13203,0,6,38,106,65
13223,1,7,35,150,64
13264,0,6,35,139,49
13285,1,7,255,80,38
13305,0,6,255,119,34
13325,1,7,115,45,255
13387,1,7,141,33,255
13407,0,6,61,54,148
13427,1,7,48,123,42
13450,0,6,59,104,119
13491,1,7,51,254,26
13511,0,6,255,152,144
13531,1,7,5,246,61
13572,0,6,255,34,27
13613,0,6,255,129,141
13633,1,7,112,101,22
13726,0,6,25,91,136
13787,1,7,58,105,23
13828,0,6,13,36,65
13869,0,6,0,59,27
13930,0,6,13,90,41
13971,0,6,255,95,78
13991,1,7,165,46,31
14014,0,6,25,77,81
14054,1,7,106,99,77
14074,0,6,41,113,37
14095,1,7,79,130,108
14136,0,6,81,149,57
14176,0,6,31,105,73
14197,1,7,32,98,32
14238,0,6,255,90,119
14278,0,6,255,109,102
14299,1,7,84,75,24
14340,0,6,255,45,47
14380,0,6,255,22,66
14401,1,7,107,47,11
14442,0,6,255,52,67
14462,1,7,62,71,10
14482,0,6,60,111,81
14502,1,7,45,73,25
14545,0,6,65,120,111
14586,0,6,39,111,123
14606,1,7,11,79,46
14648,0,6,255,168,71
14688,0,6,255,184,254
14708,1,7,255,83,44
14749,0,6,27,240,48
14790,0,6,52,122,130
14810,1,7,212,100,48
14851,0,6,255,48,108
14871,1,7,189,71,254
14892,0,6,255,76,96
14912,1,7,45,41,38
14935,0,6,10,50,83
14996,0,6,52,113,54
15016,1,7,34,31,42
15059,0,6,43,113,15
15107,0,6,27,116,41
15127,1,7,254,255,36
15148,0,6,21,104,43
15168,1,7,255,255,254
15191,0,6,27,132,94
15231,1,7,20,80,9
15252,0,6,7,109,119
15272,1,7,92,210,47
15313,0,6,24,88,101
15353,0,6,38,94,130
15374,1,7,254,255,255
15415,0,6,34,58,49
15455,0,6,34,53,40
15476,1,7,24,94,255
15517,0,6,255,88,70
15537,1,7,119,51,47
15557,0,6,255,64,78
15600,0,6,255,65,84
15641,1,7,87,59,16
15661,0,6,62,52,89
15682,1,7,124,62,43
15723,0,6,67,69,79
15783,1,7,25,95,33
15824,0,6,103,142,33
15865,0,6,25,145,35
15885,1,7,89,22,255
15926,0,6,82,165,99
15967,0,6,23,102,110
15987,1,7,41,114,20
16010,0,6,42,104,68
16051,1,7,72,107,27
16071,0,6,4,173,86
16091,1,7,58,87,255
16132,0,6,255,65,26
16193,1,7,42,82,69
16234,0,6,255,243,179
16275,0,6,42,153,171
16336,0,6,255,128,146
16376,0,6,62,192,71
16397,1,7,255,115,55
16438,0,6,38,227,88
16458,1,7,57,107,50
16479,0,6,37,86,18
16499,1,7,34,244,246
16522,0,6,15,65,255
16562,1,7,71,140,128
16582,0,6,255,164,16
16603,1,7,72,87,255
16644,0,6,18,78,131
16684,0,6,5,255,112
16704,1,7,74,115,42
16746,0,6,255,255,16
16786,0,6,54,40,53
16807,1,7,83,35,4
16848,0,6,255,137,73
16868,1,7,97,9,255
16888,0,6,16,118,86
16908,1,7,48,38,12
16952,0,6,29,67,73
16992,0,6,35,31,112
17012,1,7,56,76,39
17053,0,6,20,83,78
17094,0,6,22,56,68
17114,1,7,45,65,27
17155,0,6,28,70,54
17216,1,7,35,94,50
17257,0,6,13,105,90
17277,1,7,20,245,255
17298,0,6,29,55,55
17318,1,7,82,177,255
17341,0,6,25,82,47
17381,1,7,94,255,255
17402,0,6,18,85,83
17422,1,7,95,79,87
17463,0,6,29,93,83
17504,0,6,18,101,85
17524,1,7,111,112,102
17719,0,6,73,115,41
17759,0,6,254,123,37
17780,1,7,25,8,4
17821,0,6,51,96,102
17861,0,6,35,43,102
17882,1,7,120,116,47
17923,0,6,255,68,147
17943,1,7,107,85,255
17963,0,6,255,67,50
17984,1,7,51,39,255
18006,0,6,20,61,255
18047,1,7,93,85,29
18067,0,6,78,167,105
18087,1,7,48,74,255
18129,0,6,67,110,46
18169,0,6,88,123,48
18189,1,7,255,131,70
18230,0,6,24,165,78
18271,0,6,49,149,54
18291,1,7,127,123,11
18332,0,6,35,103,53
18353,1,7,28,108,255
18373,0,6,255,95,31
18393,1,7,254,144,255
18434,0,6,255,107,6
18455,1,7,53,194,73
18475,0,6,105,103,28
18495,1,7,117,48,93
18538,0,6,30,226,164
18599,1,7,88,95,255
18622,0,6,255,6,79
18642,1,7,123,108,255
18672,0,6,8,180,41
18712,1,7,128,68,10
18733,0,6,11,95,16
18753,1,7,152,120,22
18794,0,6,6,254,38
18835,0,6,47,28,156
18855,1,7,255,95,255
18896,0,6,255,186,217
18937,0,6,29,120,149
18957,1,7,255,255,77
18998,0,6,55,74,84
19018,1,7,255,92,65
19059,1,7,80,67,80
19082,0,6,64,18,255
19122,1,7,138,100,255
19142,0,6,8,161,146
19163,1,7,94,105,60
19204,0,6,255,45,104
19244,0,6,10,112,60
19265,1,7,152,55,255
19306,0,6,38,100,39
19346,0,6,29,78,53
19367,1,7,64,77,24
19408,0,6,15,114,68
19448,0,6,74,155,96
19469,1,7,95,61,1
19509,0,6,255,137,143
19530,1,7,86,71,10
19550,0,6,255,101,127
19571,1,7,60,66,35
19654,0,6,21,31,68
19715,0,6,58,42,42
19756,0,6,55,203,84
19776,1,7,211,202,40
19869,0,6,255,60,80
19930,1,7,80,67,31
19971,0,6,32,107,123
20012,0,6,25,116,105
20032,1,7,78,76,1
20073,0,6,14,114,30
20113,0,6,255,117,58
20134,1,7,94,71,255
20157,0,6,7,84,52
20197,1,7,93,77,36
20218,0,6,70,96,69
20238,1,7,86,36,48
20279,0,6,55,49,73
20299,1,7,81,68,58
20319,0,6,44,166,127
20340,1,7,45,35,59
20381,0,6,255,124,156
20421,0,6,255,77,79
20483,0,6,14,93,36
20503,1,7,93,54,255
20523,0,6,43,92,22
20544,1,7,102,86,4
20585,0,6,63,74,28
20605,1,7,97,86,255
20625,0,6,21,75,117
20646,1,7,85,83,255
20668,0,6,5,87,99
20709,1,7,65,80,43
20729,0,6,255,94,47
20749,1,7,81,94,11
20790,0,6,14,69,31
20831,0,6,25,61,65
20851,1,7,26,131,9
20892,0,6,57,57,67
20913,1,7,255,252,255
20933,0,6,41,58,78
20953,1,7,5,119,62
21046,0,6,28,77,105
21087,0,6,2,115,128
21107,1,7,56,83,2
21200,0,6,25,89,106
21241,0,6,255,59,79
21261,1,7,34,92,4
21302,0,6,30,70,67
21342,0,6,26,90,40
21363,1,7,89,115,255
21404,0,6,27,114,16
21425,1,7,72,10,64
21445,0,6,255,155,97
21465,1,7,66,255,71
21506,0,6,29,119,72
21526,1,7,137,32,75
21546,0,6,60,169,45
21567,1,7,138,146,73
21590,0,6,255,57,81
21611,1,7,96,60,255
21660,0,6,59,13,62
21680,1,7,67,40,20
21700,0,6,255,145,115
21743,0,6,255,92,86
21784,1,7,72,76,32
21804,0,6,55,92,69
21824,1,7,86,77,23
21866,0,6,87,74,40
21906,0,6,254,97,75
21926,1,7,76,70,21
21967,0,6,255,64,149
21988,1,7,58,78,16
22008,0,6,9,161,90
22028,1,7,78,76,255
22069,0,6,62,36,148
22090,1,7,44,95,255
22110,0,6,147,71,53
22130,1,7,255,143,33
22214,0,6,253,198,248
22234,1,7,185,75,251
22275,0,6,255,52,133
22316,0,6,255,54,166
22336,1,7,75,113,6
22377,0,6,24,91,111
22398,1,7,86,67,52
22418,0,6,40,70,118
22438,1,7,51,57,46
22479,0,6,37,136,91
22499,1,7,35,60,42
22520,0,6,8,155,148
22540,1,7,102,50,29
22563,0,6,11,61,129
22603,1,7,57,43,255
22623,0,6,27,118,105
22644,1,7,70,53,255
22685,0,6,33,94,82
22725,0,6,38,98,69
22746,1,7,61,54,77
22787,0,6,57,106,90
22827,0,6,41,167,34
22848,1,7,171,136,24
22889,0,6,255,45,141
22909,1,7,95,129,255
22929,0,6,255,102,67
22991,0,6,40,168,89
23011,1,7,255,72,255
23031,0,6,9,119,76
23052,1,7,68,33,7
23074,0,6,16,92,27
23115,1,7,127,84,71
23135,0,6,38,61,12
23156,1,7,101,255,154
23197,0,6,33,27,77
23237,0,6,15,63,114
23257,1,7,52,58,79
23298,0,6,255,52,73
23319,1,7,26,107,135
23339,0,6,24,31,100
23359,1,7,108,105,141
23400,0,6,157,14,129
23421,1,7,108,133,110
23461,1,7,124,132,77
23484,0,6,82,173,154
23524,1,7,63,70,255
23545,0,6,255,72,71
23565,1,7,255,253,255
23606,0,6,250,84,171
23667,1,7,57,14,255
23710,1,7,74,33,255
23760,0,6,30,96,47
23800,0,6,31,75,58
23821,1,7,152,61,4
23864,0,6,62,11,103
23894,0,6,2,88,81
23934,1,7,190,45,150
23954,0,6,15,104,79
23975,1,7,72,147,39
23996,0,6,37,73,106
24036,1,7,253,13,255
24056,0,6,6,67,110
24077,1,7,231,253,255
24118,0,6,14,88,70
24138,1,7,254,255,75
24179,1,7,7,110,255
24220,0,6,7,92,112
24240,1,7,183,161,61
24260,0,6,255,62,120
24280,1,7,57,153,254
24321,0,6,255,44,93
24342,1,7,48,88,65
24362,0,6,255,20,75
24382,1,7,75,73,25
24405,0,6,40,55,48
24446,1,7,71,67,15
24466,0,6,22,94,55
24486,1,7,1,91,20
24527,0,6,20,60,57
24568,0,6,13,71,51
24588,1,7,118,144,54
24629,0,6,15,84,45
24649,1,7,135,56,42
24670,0,6,38,102,58
24690,1,7,118,20,254
24731,0,6,255,104,24
24752,1,7,40,38,254
24792,1,7,62,60,26
24815,0,6,91,207,11
24855,1,7,65,54,28
24876,0,6,253,142,183
24897,1,7,86,57,18
24937,0,6,114,81,47
24978,0,6,255,111,98
24998,1,7,101,255,15
25041,1,7,174,255,255
25091,0,6,25,90,84
25132,0,6,22,121,93
25152,1,7,45,255,255
25225,0,6,21,111,53
25265,1,7,63,30,255
25306,1,7,37,41,255
25347,0,6,16,103,73
25387,0,6,255,87,84
25408,1,7,89,87,44
25448,0,6,40,101,81
25469,1,7,116,113,29
25489,0,6,4,120,87
25509,1,7,105,128,89
25551,0,6,255,129,31
25571,1,7,116,146,54
25591,0,6,12,205,255
25612,1,7,51,181,255
25634,0,6,32,61,50
25675,1,7,255,88,255
25695,0,6,84,255,84
25715,1,7,10,254,255
25757,0,6,7,255,169
25797,0,6,255,189,237
25817,1,7,170,8,255
25858,0,6,53,114,202
25879,1,7,169,255,255
25899,0,6,254,128,131
25919,1,7,27,255,255
25960,0,6,15,100,98
25980,1,7,31,255,255
26001,0,6,25,148,70
26021,1,7,71,10,47
26062,0,6,23,134,70
26082,1,7,83,25,96
26103,0,6,18,104,71
26123,1,7,242,57,78
26146,0,6,11,127,37
26186,1,7,254,34,255
26207,0,6,72,247,255
26227,1,7,71,98,90
26268,0,6,2,86,29
26288,1,7,65,103,40
26309,0,6,13,5,0
26329,1,7,57,47,12
26370,0,6,11,64,109
26390,1,7,111,68,24
26410,0,6,255,85,111
26431,1,7,66,80,29
26472,0,6,255,32,113
26492,1,7,117,76,255
26513,0,6,35,50,36
26533,1,7,144,124,255
26574,0,6,50,69,38
26594,1,7,110,232,37
26614,0,6,36,105,83
26635,1,7,27,189,254
26678,0,6,26,121,113
26698,1,7,255,100,112
26718,0,6,255,115,89
26739,1,7,16,73,52
26780,0,6,255,59,56
26800,1,7,104,55,22
26820,0,6,255,42,35
26840,1,7,109,48,255
26881,0,6,1,64,74
26902,1,7,94,135,255
26922,0,6,80,55,88
26942,1,7,254,255,138
26985,0,6,113,70,87
27046,1,7,39,95,85
27087,0,6,255,155,111
27128,0,6,255,106,255
27148,1,7,254,112,4
27189,0,6,255,253,9
27210,1,7,78,122,151
27230,0,6,23,253,114
27291,0,6,23,28,162
27311,1,7,85,88,38
27332,0,6,26,115,113
27395,0,6,37,86,131
27436,0,6,70,104,64
27456,1,7,81,95,20
27477,0,6,20,117,56
27517,1,7,91,89,21
27537,0,6,56,90,45
27558,1,7,93,86,18
27599,0,6,33,70,79
27639,0,6,255,128,114
27660,1,7,68,105,255
27701,0,6,5,72,143
27721,1,7,32,133,255
27741,0,6,255,87,40
27762,1,7,64,154,51
27803,0,6,35,69,56
27823,1,7,60,117,255
27843,0,6,15,92,79
27864,1,7,46,82,255
27886,0,6,11,93,119
27927,1,7,23,11,255
27947,0,6,32,93,117
27967,1,7,0,255,255
28009,0,6,52,108,32
28049,0,6,12,121,39
28069,1,7,152,196,4
28110,0,6,32,85,41
28131,1,7,144,119,69
28151,0,6,39,65,42
28171,1,7,150,119,73
28212,0,6,64,25,50
28233,1,7,142,107,91
28253,0,6,59,69,205
28273,1,7,86,94,45
28296,0,6,74,87,28
28337,1,7,252,29,254
28357,0,6,255,140,42
28377,1,7,255,237,253
28418,0,6,27,103,67
28459,0,6,20,121,68
28479,1,7,54,73,255
28520,0,6,15,113,71
28540,1,7,138,103,255
28561,0,6,18,89,73
28581,1,7,158,77,58
28622,0,6,46,156,255
28642,1,7,124,90,36
28663,0,6,15,253,12
28683,1,7,101,37,255
28724,0,6,8,73,85
28744,1,7,58,181,255
28765,0,6,255,114,62
28785,1,7,255,36,255
28828,0,6,255,75,71
28889,1,7,9,131,68
28912,0,6,104,15,76
28932,1,7,57,201,186
28962,0,6,161,192,255
29003,1,7,28,141,85
29023,0,6,37,160,211
29043,1,7,158,252,255
29084,0,6,255,85,47
29105,1,7,142,253,57
29125,0,6,255,80,82
29146,1,7,90,96,255
29186,0,6,255,54,109
29207,1,7,109,143,10
29227,0,6,52,55,45
29247,1,7,154,176,57
29288,0,6,70,89,11
29308,1,7,135,142,255
29329,0,6,26,138,67
29349,1,7,67,92,255
29390,0,6,6,124,90
29410,1,7,38,39,255
29430,0,6,255,90,77
29451,1,7,46,37,255
29493,0,6,28,106,57
29514,1,7,72,72,26
29534,0,6,41,101,48
29554,1,7,118,113,63
29595,0,6,52,84,68
29615,1,7,138,123,75
29636,0,6,29,80,90
29656,1,7,79,115,254
29698,0,6,255,179,132
29718,1,7,44,129,36
29759,1,7,82,74,255
29799,0,6,255,77,106
29820,1,7,60,49,255
29840,0,6,255,35,73
29860,1,7,22,81,58
29883,0,6,255,255,35
29923,1,7,40,82,13
29944,0,6,255,255,255
29964,1,7,47,76,33
30025,1,7,48,71,60
30046,0,6,255,96,33
30066,1,7,49,92,43
30107,0,6,255,151,79
30127,1,7,93,24,253
30148,0,6,255,207,81
30168,1,7,64,40,5
30209,0,6,255,187,138
30249,0,6,56,208,103
30270,1,7,57,82,255
30311,0,6,52,131,16
30332,1,7,108,9,66
30352,0,6,21,129,255
30373,1,7,118,60,16
30395,0,6,29,96,55
30416,1,7,84,69,128
30464,0,6,52,63,116
30485,1,7,14,70,81
30505,0,6,33,98,122
30525,1,7,92,145,255
30569,0,6,18,108,139
30609,0,6,111,113,178
30630,1,7,48,75,120
30670,0,6,96,168,163
30691,1,7,76,59,255
30731,1,7,128,87,255
30815,0,6,100,164,84
30835,1,7,105,41,85
30858,0,6,75,105,131
30878,1,7,62,89,40
30926,0,6,37,93,146
30946,1,7,36,60,59
30967,0,6,255,175,150
30987,1,7,89,69,254
31028,0,6,255,248,104
31048,1,7,40,43,3
31068,0,6,255,4,55
31089,1,7,30,53,255
31112,0,6,255,146,15
31152,1,7,9,118,255
31172,0,6,255,150,255
31193,1,7,43,233,107
31234,0,6,255,167,108
31275,0,6,255,169,88
31336,0,6,78,61,103
31357,1,7,23,255,69
31377,0,6,81,94,82
31398,1,7,168,15,252
31438,0,6,255,95,99
31458,1,7,55,22,16
31479,0,6,255,44,68
31499,1,7,49,76,49
31540,0,6,255,65,51
31560,1,7,70,53,26
31580,0,6,255,114,50
31600,1,7,66,57,255
31623,0,6,255,87,55
31664,1,7,118,96,255
31684,0,6,30,79,65
31704,1,7,249,255,50
31745,0,6,78,29,72
31766,1,7,85,57,254
31786,0,6,77,24,76
31806,1,7,119,55,26
31848,0,6,82,100,53
31868,1,7,103,95,42
31888,0,6,38,255,39
31908,1,7,113,23,255
31949,0,6,255,60,70
31969,1,7,65,51,255
31990,0,6,255,120,254
32010,1,7,35,27,255
32033,0,6,95,86,49
32073,1,7,25,31,20
32094,0,6,15,123,54
32114,1,7,46,51,111
32155,0,6,12,124,57
32175,1,7,71,84,186
32196,0,6,0,118,7
32216,1,7,76,174,85
32257,0,6,43,229,255
32277,1,7,90,130,67
32298,0,6,41,254,68
32318,1,7,81,120,50
32359,0,6,151,26,156
32379,1,7,58,106,3
32399,0,6,251,16,219
32420,1,7,22,157,255
32443,0,6,255,95,29
32483,1,7,5,254,255
32503,0,6,89,142,60
32524,1,7,28,255,255
32565,0,6,252,75,105
32585,1,7,13,255,11
32605,0,6,105,88,56
32626,1,7,55,255,13
32667,0,6,254,124,72
32687,1,7,94,91,255
32707,0,6,29,109,64
32728,1,7,68,177,26
32809,0,6,85,5,3
32913,0,6,1,156,79
32933,1,7,116,74,255
32954,0,6,255,72,61
32976,1,7,117,81,255
33024,0,6,4,72,59
33045,1,7,118,50,31
33065,0,6,39,89,76
33085,1,7,131,30,50
33108,0,6,37,98,90
33148,1,7,111,18,31
33189,1,7,25,252,255
33230,0,6,255,72,128
33250,1,7,252,92,11
33271,0,6,255,3,119
33291,1,7,60,84,82
33332,0,6,8,69,58
33352,1,7,69,53,255
33373,0,6,90,106,63
33393,1,7,37,97,27
33434,0,6,45,96,64
33454,1,7,52,136,10
33475,0,6,63,140,51
33495,1,7,145,38,114
33518,0,6,254,189,63
33558,1,7,91,43,92
33579,0,6,255,205,96
33599,1,7,136,33,98
33620,0,6,42,144,94
33642,1,7,8,68,255
33690,0,6,69,70,89
33710,1,7,255,117,255
33730,0,6,72,67,71
33751,1,7,52,52,66
33792,0,6,75,87,101
33812,1,7,112,128,68
33832,0,6,45,93,102
33853,1,7,246,107,223
33876,0,6,255,83,67
33918,1,7,208,22,255
33958,1,7,49,76,254
33999,0,6,255,69,55
34019,1,7,55,72,255
34039,0,6,255,8,96
34100,0,6,35,52,69
34120,1,7,46,50,37
34202,0,6,18,80,102
34222,1,7,112,87,255
34243,0,6,26,97,114
34263,1,7,96,88,12
34285,0,6,36,114,97
34307,1,7,106,74,21
34355,0,6,5,253,132
34376,1,7,62,89,255
34396,0,6,255,89,76
34416,1,7,28,87,255
34439,0,6,23,80,93
34479,1,7,29,51,255
34500,0,6,29,80,80
34520,1,7,35,82,18
34561,0,6,52,103,27
34581,1,7,39,93,48
34602,0,6,52,103,41
34622,1,7,34,149,114
34663,0,6,255,95,56
34683,1,7,50,109,113
34704,0,6,26,102,32
34724,1,7,66,90,64
34765,0,6,24,80,32
34785,1,7,86,99,41
34805,0,6,41,54,54
34826,1,7,43,37,255
34867,0,6,51,43,64
34887,1,7,255,255,255
34907,0,6,26,63,76
34928,1,7,255,255,61
34951,0,6,16,55,99
34993,1,7,90,61,255
35013,0,6,255,24,178
35033,1,7,137,73,0
35074,0,6,33,75,97
35094,1,7,106,52,20
35114,0,6,10,58,94
35135,1,7,92,53,31
35175,0,6,12,59,97
35195,1,7,74,97,36
35216,0,6,255,67,119
35236,1,7,16,84,13
35276,0,6,3,31,6
35297,1,7,76,74,255
35317,0,6,63,95,41
35337,1,7,43,81,6
35360,0,6,68,119,97
35402,1,7,23,80,33
35423,0,6,97,85,92
35443,1,7,40,96,52
35483,0,6,33,99,138
35504,1,7,53,117,56
35524,0,6,255,116,145
35544,1,7,101,138,27
35585,0,6,16,145,73
35605,1,7,182,80,4
35625,0,6,255,206,255
35646,1,7,80,77,24
35686,0,6,255,86,114
35706,1,7,56,77,255
35727,0,6,61,14,118
35747,1,7,85,81,41
35811,1,7,95,73,24
35831,0,6,6,82,100
35851,1,7,92,69,10
35892,0,6,18,95,86
35912,1,7,70,75,1
35932,0,6,43,120,62
35953,1,7,3,69,14
35994,0,6,2,114,61
36014,1,7,255,16,255
36034,0,6,8,103,93
36055,1,7,22,63,255
36118,1,7,147,151,59
36139,0,6,32,88,76
36159,1,7,21,201,145
36180,0,6,41,112,82
36242,0,6,30,80,54
36262,1,7,79,68,1
36283,0,6,27,94,46
36324,1,7,78,90,14
36344,0,6,41,98,52
36364,1,7,80,87,255
36405,0,6,11,98,84
36425,1,7,54,89,255
36445,0,6,56,116,54
36466,1,7,103,84,13
36506,0,6,255,122,49
36526,1,7,137,94,57
36546,0,6,255,87,40
36567,1,7,72,30,85
36607,0,6,14,84,50
36628,1,7,113,68,60
36648,0,6,41,95,75
36668,1,7,90,60,34
36691,0,6,35,93,83
36733,1,7,50,57,44
36754,0,6,41,78,75
36774,1,7,46,43,29
36814,0,6,42,45,103
36835,1,7,82,21,253
36855,0,6,3,55,121
36875,1,7,92,103,0
36915,0,6,255,61,121
36936,1,7,121,93,255
36956,0,6,1,58,102
36976,1,7,50,107,36
37017,0,6,255,106,95
37037,1,7,78,77,10
37058,0,6,4,101,43
37078,1,7,69,79,21
37101,0,6,24,87,77
37123,1,7,63,71,22
37172,0,6,32,64,74
37192,1,7,61,73,18
37212,0,6,68,81,51
37273,0,6,41,96,85
37293,1,7,30,85,22
37313,0,6,27,93,87
37334,1,7,38,95,49
37377,0,6,255,102,89
37397,1,7,67,85,60
37417,0,6,255,121,65
37438,1,7,103,113,21
37479,0,6,28,243,26
37499,1,7,148,106,255
37519,0,6,254,56,25
37540,1,7,82,96,18
37581,0,6,255,25,123
37601,1,7,72,86,255
37621,0,6,36,64,108
37642,1,7,84,84,29
37683,0,6,109,157,35
37703,1,7,53,82,33
37743,1,7,79,78,255
37766,0,6,255,34,117
37808,1,7,55,93,255
37829,0,6,255,92,64
37849,1,7,64,104,11
37889,0,6,255,95,65
37910,1,7,87,94,86
37930,0,6,36,82,36
37950,1,7,82,71,94
37991,0,6,69,59,5
38011,1,7,84,63,106
38052,1,7,66,29,97
38092,0,6,65,86,108
38112,1,7,47,255,43
38133,0,6,255,104,129
38153,1,7,87,83,250
38176,0,6,21,89,50
38198,1,7,42,134,255
38246,0,6,255,151,67
38266,1,7,93,91,3
38307,1,7,33,90,29
38348,0,6,16,120,68
38368,1,7,97,118,38
38409,1,7,129,84,35
38450,0,6,26,137,78
38471,1,7,129,92,50
38491,0,6,20,129,67
38511,1,7,114,82,64
38554,0,6,255,110,24
38574,1,7,60,51,68
38594,0,6,38,93,23
38615,1,7,255,21,45
38656,0,6,83,85,34
38676,1,7,255,255,20
38697,0,6,79,24,86
38717,1,7,96,223,255
38758,0,6,0,22,190
38778,1,7,30,173,255
38798,0,6,255,37,108
38819,1,7,114,75,47
38842,0,6,32,20,88
38864,1,7,6,93,10
38912,0,6,4,106,34
38932,1,7,80,86,36
38952,0,6,22,74,36
38973,1,7,101,76,255
39013,0,6,255,175,71
39034,1,7,47,65,35
39054,0,6,255,128,84
39074,1,7,57,52,27
39097,0,6,88,67,50
39139,1,7,53,66,13
39160,0,6,83,84,51
39180,1,7,53,72,255
39220,0,6,52,96,59
39241,1,7,27,70,63
39261,0,6,46,141,63
39281,1,7,71,88,37
39322,0,6,20,184,11
39342,1,7,147,212,169
39363,0,6,96,106,255
39383,1,7,134,118,249
39423,0,6,255,85,118
39444,1,7,94,71,253
39464,0,6,255,108,99
39484,1,7,65,56,10
39507,0,6,255,145,74
39549,1,7,75,68,18
39569,0,6,50,77,95
39590,1,7,65,67,18
39610,0,6,73,106,112
39653,1,7,57,64,23
39673,0,6,57,94,39
39714,0,6,252,171,154
39754,1,7,73,57,49
39775,0,6,83,130,59
39795,1,7,78,31,57
39815,0,6,254,151,50
39856,1,7,51,36,101
39876,0,6,74,91,86
39896,1,7,129,255,77
39917,0,6,82,20,96
39939,1,7,21,179,255
39987,0,6,255,255,87
40007,1,7,110,35,253
40028,0,6,31,99,65
40048,1,7,53,79,14
40089,0,6,255,129,90
40109,1,7,76,64,12
40129,0,6,255,182,42
40150,1,7,75,41,5
40173,0,6,22,175,106
40194,1,7,50,71,51
40243,0,6,255,87,151
40263,1,7,116,62,66
40283,0,6,27,89,112
40303,1,7,10,11,75
40344,0,6,60,68,73
40405,1,7,0,68,253
40428,0,6,39,71,51
40493,0,6,50,70,65
40513,1,7,109,73,10
40533,0,6,255,182,67
40574,1,7,231,28,128
40594,0,6,98,175,59
40614,1,7,59,94,255
40695,0,6,20,112,60
40716,1,7,107,70,12
40736,0,6,11,133,82
40778,1,7,43,102,30
40798,0,6,10,103,75
40819,1,7,67,40,16
40839,0,6,20,127,48
40880,1,7,74,6,57
40900,0,6,4,110,33
40921,1,7,96,119,91
40961,0,6,38,94,54
40981,1,7,93,115,120
41002,0,6,56,104,77
41022,1,7,62,177,252
41062,0,6,50,111,81
41083,1,7,105,54,254
41103,0,6,36,90,134
41123,1,7,122,142,255
41164,0,6,255,65,109
41184,1,7,73,78,61
41204,0,6,255,155,15
41248,0,6,53,77,55
41270,1,7,78,79,23
41318,0,6,13,90,62
41338,1,7,73,82,25
41358,0,6,15,88,72
41379,1,7,66,86,23
41420,0,6,10,51,94
41440,1,7,74,69,18
41461,0,6,3,85,91
41481,1,7,72,76,15
41522,0,6,40,27,111
41563,0,6,36,62,253
41646,1,7,84,82,24
41687,1,7,100,84,18
41727,0,6,34,23,88
41748,1,7,82,89,11
41768,0,6,27,117,52
41788,1,7,103,85,255
41829,0,6,10,133,99
41850,1,7,102,83,255
41890,1,7,54,87,255
41913,0,6,18,67,69
41955,1,7,49,93,14
41975,0,6,20,114,46
41996,1,7,53,132,53
42036,0,6,8,116,80
42057,1,7,55,148,77
42077,0,6,23,98,63
42097,1,7,67,111,35
42138,0,6,27,71,34
42158,1,7,49,111,255
42178,0,6,41,74,22
42199,1,7,6,89,255
42239,0,6,48,35,23
42259,1,7,255,20,255
42280,0,6,21,2,66
42300,1,7,37,255,3
42341,0,6,24,29,78
42361,1,7,29,52,21
42402,1,7,65,117,255
42445,0,6,44,43,84
42465,1,7,98,95,39
42485,0,6,255,81,137
42506,1,7,134,54,0
42547,0,6,255,113,136
42567,1,7,157,99,255
42587,0,6,39,100,41
42607,1,7,120,92,255
42691,0,6,125,49,109
42712,1,7,113,111,43
42752,0,6,20,100,80
42772,1,7,83,102,38
42793,0,6,22,89,86
42813,1,7,67,53,255
42834,0,6,25,69,86
42876,1,7,77,61,33
42897,0,6,22,83,89
42958,0,6,13,91,86
42978,1,7,26,156,254
42998,0,6,6,102,70
43019,1,7,28,199,255
43059,0,6,24,85,58
43079,1,7,127,124,25
43099,0,6,39,43,137
43120,1,7,79,76,21
43160,0,6,37,11,140
43181,1,7,88,86,16
43201,0,6,30,62,113
43221,1,7,95,89,15
43305,0,6,23,71,115
43325,1,7,91,73,16
43366,0,6,24,64,102
43407,0,6,25,54,102
43427,1,7,95,75,20
43468,0,6,23,72,105
43508,0,6,25,66,105
43570,0,6,25,61,103
43590,1,7,95,81,18
43610,0,6,21,69,101
43654,0,6,22,64,105
43716,0,6,22,66,106
43736,1,7,91,81,18
43777,0,6,25,62,104
43797,1,7,92,83,18
43922,0,6,24,65,105
43962,0,6,25,64,104
44024,0,6,24,63,102
44064,0,6,27,54,103
44105,1,7,96,83,21
44146,1,7,91,79,14
44207,1,7,96,96,15
44227,0,6,35,81,85
44247,1,7,102,62,30
44288,0,6,38,142,117
44308,1,7,84,15,34
44328,0,6,23,132,120
44349,1,7,99,68,13
44389,0,6,21,127,121
44409,1,7,77,82,24
44430,0,6,255,132,122
44450,1,7,60,67,26
44491,0,6,18,107,109
44511,1,7,61,63,28
44532,0,6,21,121,49
44552,1,7,56,75,29
44575,0,6,255,112,50
44617,1,7,95,91,255
44638,0,6,255,75,90
44658,1,7,67,61,14
44678,0,6,29,75,100
44719,1,7,58,63,24
44739,0,6,11,127,52
44759,1,7,61,64,26
44800,0,6,24,155,32
44820,1,7,64,54,29
44861,1,7,56,61,36
44901,0,6,57,179,56
44921,1,7,36,68,42
44942,0,6,62,167,93
44962,1,7,37,69,28
44984,0,6,63,155,109
45027,1,7,81,64,5
45047,0,6,53,140,82
45067,1,7,85,88,26
45107,0,6,33,117,68
45128,1,7,68,79,15
45148,0,6,4,85,60
45168,1,7,75,81,16
45231,1,7,70,96,25
45251,0,6,255,61,255
45271,1,7,80,99,14
45312,0,6,80,128,255
45332,1,7,91,28,10
45353,0,6,11,118,90
45373,1,7,4,16,21
45413,0,6,32,110,45
45434,1,7,9,96,18
45454,0,6,18,129,72
45474,1,7,68,120,254
45516,0,6,28,120,59
45537,1,7,86,40,255
45557,0,6,22,122,66
45577,1,7,113,117,255
45618,0,6,27,108,65
45638,1,7,97,96,7
45659,0,6,32,104,73
45679,1,7,60,94,30
45720,0,6,29,96,72
45740,1,7,65,97,5
45761,0,6,20,85,73
45781,1,7,32,77,255
45822,0,6,25,86,54
45842,1,7,255,255,21
45863,0,6,29,127,58
45906,0,6,27,124,78
45970,0,6,13,149,104
45991,1,7,75,172,41
46011,0,6,255,92,132
46052,1,7,63,103,22
46072,0,6,255,96,93
46092,1,7,115,56,255
46112,0,6,63,107,96
46134,1,7,77,74,62
46162,0,6,65,155,65
46204,1,7,53,60,255
46225,0,6,68,143,9
46245,1,7,75,69,21
46265,0,6,35,142,48
46306,1,7,104,76,5
46346,1,7,117,67,9
46389,1,7,110,80,255
46437,0,6,15,103,96
46458,1,7,107,91,13
46478,0,6,15,76,77
46498,1,7,63,103,10
46539,0,6,24,62,94
46560,1,7,39,97,22
46580,0,6,31,76,56
46600,1,7,36,73,29
46641,0,6,8,162,44
46662,1,7,58,62,34
46682,0,6,5,108,85
46702,1,7,40,58,32
46743,0,6,32,255,166
46763,1,7,34,29,53
46784,0,6,255,255,5
46804,1,7,5,68,32
46847,0,6,54,95,45
46867,1,7,38,158,14
46888,0,6,29,73,82
46949,0,6,23,87,88
46969,1,7,129,98,255
46990,0,6,23,112,71
47010,1,7,26,71,28
47051,0,6,10,118,99
47071,1,7,92,157,11
47092,0,6,7,107,114
47112,1,7,119,142,22
47153,0,6,1,100,116
47173,1,7,61,93,46
47214,1,7,193,254,255
47237,0,6,37,89,36
47279,1,7,205,81,253
47299,0,6,37,90,69
47319,1,7,63,95,31
47360,0,6,27,120,66
47380,1,7,72,113,255
47400,0,6,6,123,106
47420,1,7,87,93,20
47461,0,6,16,94,122
47481,1,7,67,110,22
47502,0,6,22,113,130
47522,1,7,63,132,1
47562,0,6,23,91,100
47583,1,7,26,102,15
47603,0,6,24,102,48
47665,0,6,10,118,54
47685,1,7,108,37,56
47705,0,6,48,116,24
47725,1,7,142,37,7
47789,1,7,254,129,255
47809,0,6,13,100,84
47829,1,7,90,109,48
47870,0,6,23,114,94
47891,1,7,111,70,255
47911,0,6,27,91,56
47972,0,6,43,66,59
47992,1,7,74,87,15
48056,0,6,255,66,114
48098,1,7,77,87,13
48118,0,6,255,118,162
48139,1,7,75,84,18
48179,0,6,13,104,103
48220,0,6,31,114,86
48240,1,7,52,94,31
48280,0,6,33,100,84
48301,1,7,72,91,22
48321,0,6,39,115,105
48382,0,6,32,58,166
48402,1,7,52,67,43
48423,0,6,254,254,182
48484,0,6,7,139,77
48504,1,7,110,67,255
48525,0,6,20,96,73
48545,1,7,64,76,40
48568,0,6,7,112,102
48630,0,6,7,110,147
48712,1,7,66,108,20
48732,0,6,32,67,255
48753,1,7,70,106,18
48793,0,6,20,123,78
48813,1,7,111,92,0
48834,0,6,21,96,64
48854,1,7,135,82,5
48916,1,7,121,81,33
48936,0,6,33,89,79
48957,1,7,98,103,66
48977,0,6,32,77,106
49019,1,7,251,47,63
49040,0,6,26,59,59
49060,1,7,2,81,254
49121,1,7,109,92,28
49141,0,6,11,129,87
49162,1,7,89,63,10
49202,0,6,31,109,81
49223,1,7,81,73,43
49243,0,6,45,90,82
49263,1,7,83,87,30
49304,0,6,27,105,103
49324,1,7,81,83,255
49344,0,6,255,87,109
49365,1,7,101,62,18
49387,0,6,1,106,62
49429,1,7,91,59,18
49449,0,6,6,85,32
49470,1,7,97,64,2
49510,0,6,24,95,44
49530,1,7,76,82,15
49551,0,6,18,55,39
49571,1,7,71,86,28
49611,0,6,42,101,109
49632,1,7,71,70,47
49652,0,6,45,133,160
49673,1,7,56,70,55
49713,0,6,14,21,144
49733,1,7,44,85,11
49754,0,6,255,34,138
49774,1,7,53,95,29
49815,0,6,4,159,87
49836,1,7,86,68,255
49856,0,6,37,97,84
49876,1,7,76,44,20
49921,0,6,255,97,101
49961,0,6,12,79,95
49982,1,7,80,101,25
50022,0,6,34,107,87
50042,1,7,110,107,18
50063,0,6,24,108,39
50083,1,7,118,108,6
50123,0,6,7,111,70
50144,1,7,109,108,12
50164,0,6,7,112,109
50184,1,7,81,53,3
50225,0,6,11,94,96
50245,1,7,84,37,27
50266,0,6,35,86,57
50286,1,7,73,47,43
50308,0,6,38,105,43
50350,1,7,61,57,39
50371,0,6,44,77,54
50431,0,6,255,105,99
50452,1,7,116,100,76
50472,0,6,255,103,92
50492,1,7,60,71,11
50533,0,6,255,55,115
50553,1,7,75,69,39
50573,0,6,21,48,60
50594,1,7,70,74,13
50634,0,6,8,81,79
50654,1,7,52,81,30
50718,0,6,53,95,83
50760,1,7,57,58,20
50780,0,6,25,105,81
50841,0,6,255,151,64
50861,1,7,255,81,33
50882,0,6,13,193,22
50902,1,7,255,176,99
50942,0,6,56,175,51
50963,1,7,66,74,75
50984,0,6,1,151,104
51004,1,7,12,75,253
51044,0,6,6,85,118
51065,1,7,81,91,255
51085,0,6,255,98,117
51105,1,7,84,58,41
51146,0,6,42,56,118
51166,1,7,93,29,100
51186,0,6,79,81,124
51207,1,7,109,41,10
51230,0,6,253,121,26
51272,1,7,76,48,255
51292,0,6,4,78,89
51312,1,7,36,66,255
51353,0,6,18,97,89
51373,1,7,10,89,29
51414,1,7,8,41,70
51454,0,6,20,84,158
51474,1,7,21,52,45
51515,1,7,92,53,41
51555,0,6,42,37,47
51576,1,7,105,92,29
51596,0,6,37,40,44
51616,1,7,114,85,255
51639,0,6,15,57,67
51704,0,6,255,102,58
51724,1,7,152,66,255
51744,0,6,42,101,42
51765,1,7,160,62,15
51811,0,6,45,96,72
51832,1,7,129,104,24
51852,0,6,36,97,72
51872,1,7,22,112,12
51895,0,6,255,139,162
51937,1,7,55,61,255
51957,0,6,26,164,64
51978,1,7,108,57,34
52018,0,6,38,196,57
52038,1,7,70,50,255
52059,0,6,254,16,34
52079,1,7,255,85,52
52119,0,6,51,255,118
52140,1,7,255,77,46
52180,1,7,58,151,114
52221,0,6,16,76,122
52241,1,7,170,254,255
52261,0,6,32,84,86
52282,1,7,140,58,255
52305,0,6,255,140,35
52369,0,6,33,118,52
52389,1,7,103,62,22
52409,0,6,48,84,46
52431,1,7,88,72,14
52476,0,6,14,83,55
52497,1,7,106,86,13
52537,1,7,68,86,6
52580,0,6,255,41,157
52601,1,7,89,72,255
52621,0,6,255,34,176
52641,1,7,89,87,4
52683,0,6,49,103,104
52703,1,7,22,72,48
52723,0,6,72,122,77
52784,0,6,63,130,72
52805,1,7,55,147,54
52825,0,6,254,255,24
52845,1,7,115,83,255
52886,0,6,99,100,67
52907,1,7,51,78,255
52927,0,6,254,123,106
52947,1,7,56,119,22
52970,0,6,12,99,114
53012,1,7,70,2,74
53032,0,6,32,79,104
53053,1,7,75,34,255
53093,0,6,28,85,103
53113,1,7,29,68,255
53134,0,6,34,88,43
53154,1,7,59,106,255
53195,0,6,255,99,32
53215,1,7,102,49,21
53235,0,6,42,93,10
53256,1,7,36,102,56
53296,0,6,34,197,67
53316,1,7,244,152,56
53337,0,6,59,96,74
53357,1,7,9,28,255
53380,0,6,51,12,57
53422,1,7,8,171,255
53442,0,6,8,31,48
53483,0,6,255,94,110
53506,1,7,137,40,39
53552,0,6,40,53,63
53592,0,6,22,60,8
53612,1,7,55,54,255
53676,1,7,130,84,255
53696,0,6,254,44,166
53717,1,7,65,97,255
53778,1,7,104,185,255
53798,0,6,9,101,24
53818,1,7,31,187,41
53859,0,6,73,41,255
53880,1,7,57,214,90
53900,0,6,50,255,55
53920,1,7,15,11,254
53961,0,6,255,3,184
53982,1,7,255,255,27
54002,0,6,3,157,173
54022,1,7,253,254,255
54045,0,6,29,115,43
54087,1,7,255,79,255
54108,0,6,10,127,78
54128,1,7,33,113,44
54168,0,6,8,139,91
54189,1,7,156,147,130
54209,0,6,16,58,148
54229,1,7,156,133,112
54270,0,6,48,255,131
54290,1,7,118,79,68
54310,0,6,31,53,27
54331,1,7,100,52,23
54371,0,6,255,146,41
54391,1,7,53,8,13
54432,1,7,21,10,255
54495,1,7,16,35,30
54515,0,6,45,106,74
54577,0,6,31,98,76
54597,1,7,65,24,255
54617,0,6,34,104,10
54638,1,7,95,43,254
54679,0,6,255,254,245
54699,1,7,119,56,15
54719,0,6,34,26,99
54740,1,7,62,84,18
54781,0,6,5,130,66
54801,1,7,44,75,28
54821,0,6,255,138,70
54841,1,7,66,92,0
54883,0,6,255,22,100
54903,1,7,58,88,22
54923,0,6,34,0,104
54943,1,7,95,76,5
54966,0,6,32,69,98
54990,1,7,51,72,35
55036,0,6,7,78,81
55057,1,7,18,52,53
55077,0,6,6,77,124
55097,1,7,47,90,64
55142,0,6,255,20,117
55183,0,6,255,101,109
55203,1,7,198,130,255
55244,0,6,32,60,77
55264,1,7,85,90,30
55284,0,6,34,81,33
55305,1,7,45,255,255
55345,0,6,255,105,49
55365,1,7,109,25,24
55406,1,7,139,79,1
55446,0,6,20,96,79
55467,1,7,97,84,255
55487,0,6,28,101,71
55507,1,7,85,88,10
55570,1,7,49,111,26
55591,0,6,18,106,74
55611,1,7,39,96,35
55632,0,6,11,102,88
55657,1,7,9,91,34
55702,0,6,29,85,86
55722,1,7,255,92,43
55743,0,6,20,85,103
55763,1,7,66,173,33
55804,0,6,255,84,129
55824,1,7,220,110,255
55844,0,6,255,56,48
55865,1,7,74,108,63
55888,0,6,14,75,16
55912,1,7,77,58,255
55958,0,6,63,149,21
55978,1,7,70,56,20
55998,0,6,65,220,29
56019,1,7,49,60,11
56041,0,6,42,187,107
56065,1,7,16,85,255
56112,0,6,48,96,195
56132,1,7,24,153,28
56152,0,6,119,118,114
56173,1,7,90,228,104
56196,0,6,84,132,143
56237,1,7,88,86,66
56258,0,6,49,96,117
56278,1,7,121,255,255
56298,0,6,32,69,56
56321,1,7,101,108,254
56367,0,6,255,78,33
56388,1,7,42,62,14
56408,0,6,255,18,32
56428,1,7,44,76,60
56469,0,6,255,115,65
56490,1,7,104,54,7
56510,0,6,9,56,102
56530,1,7,66,59,12
56594,1,7,46,61,26
56614,0,6,51,74,92
56634,1,7,83,86,33
56675,0,6,34,83,84
56696,1,7,72,89,29
56716,0,6,21,169,68
56736,1,7,78,103,0
56777,0,6,255,51,201
56798,1,7,102,104,255
56818,0,6,255,80,110
56838,1,7,48,99,23
56879,0,6,33,84,105
56899,1,7,75,61,52
56940,1,7,75,39,63
57033,0,6,255,159,108
57053,1,7,76,91,255
57073,0,6,29,112,15
57094,1,7,67,55,255
57157,1,7,94,128,49
57177,0,6,255,55,67
57198,1,7,74,81,62
57219,0,6,42,58,7
57243,1,7,92,31,58
57289,0,6,2,50,48
57309,1,7,108,18,53
57329,0,6,43,36,123
57349,1,7,85,59,54
57372,0,6,255,105,117
57396,1,7,65,73,50
57443,0,6,6,99,29
57463,1,7,28,51,8
57483,0,6,21,88,60
57503,1,7,255,255,255
57544,0,6,49,73,80
57565,1,7,25,8,31
57585,0,6,65,74,97
57605,1,7,85,47,52
57628,0,6,255,254,153
57652,1,7,24,80,255
57698,0,6,36,65,25
57719,1,7,89,109,7
57739,0,6,255,172,69
57759,1,7,63,95,255
57802,0,6,255,159,41
57823,1,7,70,73,12
57843,0,6,23,117,104
57863,1,7,79,78,42
57904,0,6,255,129,152
57924,1,7,69,71,14
57945,0,6,58,143,150
57965,1,7,70,60,18
58006,0,6,33,158,195
58026,1,7,53,69,8
58047,0,6,66,103,198
58067,1,7,51,85,16
58108,0,6,58,102,165
58128,1,7,52,74,44
58149,0,6,35,108,128
58169,1,7,36,103,59
58192,0,6,255,112,80
58256,0,6,4,246,48
58276,1,7,158,42,2
58317,0,6,25,88,68
58337,1,7,5,62,24
58357,0,6,255,9,87
58378,1,7,98,45,31
58399,0,6,13,109,74
58440,1,7,84,60,9
58460,0,6,53,99,103
58480,1,7,71,73,31
58501,0,6,53,21,92
58542,1,7,99,68,47
58582,1,7,42,52,24
58603,0,6,65,169,95
58625,1,7,84,39,255
58672,0,6,1,77,150
58692,1,7,87,52,255
58712,0,6,130,43,90
58732,1,7,91,70,10
58757,0,6,29,85,37
58798,1,7,100,36,54
58818,0,6,62,161,30
58838,1,7,66,55,62
58859,0,6,50,59,99
58899,1,7,71,73,255
58920,0,6,255,45,252
58940,1,7,29,99,255
58980,0,6,42,147,95
59021,0,6,255,90,35
59082,0,6,28,86,55
59102,1,7,102,34,75
59122,0,6,45,71,52
59143,1,7,64,255,73
59186,0,6,53,60,30
59206,1,7,20,255,42
59226,0,6,38,67,62
59246,1,7,1,30,29
59287,0,6,255,92,103
59307,1,7,48,105,39
59327,0,6,5,94,60
59348,1,7,70,129,62
59389,0,6,43,74,49
59409,1,7,59,155,90
59430,0,6,57,60,59
59450,1,7,255,14,254
59491,0,6,71,15,76
59511,1,7,143,216,39
59532,0,6,254,50,147
59552,1,7,110,98,255
59593,0,6,255,132,77
59613,1,7,87,79,40
59633,0,6,0,80,142
59654,1,7,64,79,44
59695,0,6,23,129,122
59715,1,7,73,103,2
59735,0,6,47,105,59
59756,1,7,56,102,14
59779,0,6,39,119,59
59802,1,7,56,100,255
59849,0,6,9,112,62
59869,1,7,52,81,62
59889,0,6,9,116,74
59910,1,7,71,93,30
59950,0,6,1,104,89
59971,1,7,106,74,31
59991,0,6,34,83,95
60011,1,7,124,41,53
60034,0,6,83,129,31
60078,1,7,255,141,98
60099,0,6,32,135,62
60119,1,7,16,81,252
60139,0,6,255,78,72
60180,1,7,46,156,255
60201,0,6,255,24,85
60221,1,7,61,54,97
60241,0,6,255,128,79
60282,1,7,71,65,27
60303,0,6,42,148,124
60323,1,7,81,86,16
60343,0,6,40,85,137
60366,1,7,38,93,37
60412,0,6,16,105,152
60432,1,7,76,54,18
60453,0,6,12,137,89
60514,0,6,25,117,48
60534,1,7,40,59,11
60555,0,6,255,112,25
60575,1,7,255,61,15
60616,0,6,1,87,3
60636,1,7,2,73,86
60657,0,6,72,254,53
60677,1,7,148,191,23
60700,0,6,22,111,45
60744,1,7,144,219,74
60764,0,6,255,62,104
60784,1,7,16,255,255
60805,0,6,255,107,68
60846,1,7,35,254,30
60866,0,6,16,135,116
60886,1,7,127,73,255
60907,0,6,28,132,164
60948,1,7,186,122,56
60968,0,6,62,149,58
60988,1,7,172,156,37
61009,0,6,42,64,149
61072,0,6,254,97,21
61092,1,7,90,80,10
61113,0,6,255,110,137
61133,1,7,97,57,255
61180,0,6,40,79,116
61200,1,7,107,120,44
61220,0,6,67,112,76
61240,1,7,58,100,54
61263,0,6,62,175,53
61287,1,7,255,89,77
61333,0,6,32,38,57
61354,1,7,43,85,255
61374,0,6,255,22,131
61394,1,7,85,70,57
61435,0,6,73,134,114
61456,1,7,48,62,255
61476,0,6,41,99,93
61496,1,7,116,71,255
61537,0,6,7,93,79
61557,1,7,93,61,255
61578,0,6,8,133,94
61598,1,7,76,61,255
61641,0,6,15,112,92
61662,1,7,82,89,37
61682,0,6,21,106,95
61702,1,7,74,63,63
61743,0,6,38,80,82
61763,1,7,69,29,66
61784,0,6,36,107,118
61804,1,7,66,12,43
61845,0,6,52,67,58
61886,0,6,5,115,79
61947,0,6,20,96,78
61967,1,7,87,86,38
61988,0,6,10,106,111
62008,1,7,79,84,45
62031,0,6,34,114,98
62075,1,7,150,25,4
62095,0,6,67,128,62
62115,1,7,116,73,255
62136,0,6,251,104,122
62177,1,7,102,82,255
62197,0,6,85,105,60
62217,1,7,63,70,26
62238,0,6,1,119,78
62279,1,7,81,56,34
62299,0,6,34,110,85
62319,1,7,98,25,64
62340,0,6,26,94,100
62362,1,7,79,32,59
62433,1,7,81,37,50
62453,0,6,16,99,99
62473,1,7,87,255,16
62494,0,6,49,35,45
62516,1,7,133,149,2
62562,0,6,4,123,80
62583,1,7,171,108,255
62603,0,6,20,128,69
62623,1,7,122,103,255
62665,0,6,0,100,81
62685,1,7,76,18,255
62705,0,6,9,67,68
62726,1,7,48,20,255
62766,0,6,26,78,81
62787,1,7,79,1,255
62807,0,6,98,128,68
62827,1,7,88,69,255
62850,0,6,86,130,62
62894,1,7,79,111,73
62915,0,6,254,95,121
62935,1,7,82,132,102
62955,0,6,28,91,3
62996,1,7,70,91,43
63016,0,6,15,98,23
63037,1,7,58,72,33
63057,0,6,87,79,4
63098,1,7,58,54,38
63118,0,6,72,37,59
63139,1,7,12,4,32
63159,0,6,49,27,87
63200,1,7,255,255,255
63220,0,6,43,255,88
63241,1,7,109,34,255
63261,0,6,255,86,131
63284,1,7,185,106,255
63330,0,6,255,53,150
63350,1,7,137,83,255
63370,0,6,45,54,139
63391,1,7,24,99,82
63432,0,6,40,75,121
63452,1,7,48,141,38
63472,0,6,20,88,102
63493,1,7,76,137,78
63516,0,6,14,86,106
63560,1,7,56,255,254
63580,0,6,255,30,99
63600,1,7,57,57,255
63620,0,6,255,24,254
63662,1,7,58,71,255
63682,0,6,20,63,255
63702,1,7,21,64,29
63723,0,6,77,116,68
63764,1,7,255,170,80
63784,0,6,54,137,143
63865,1,7,150,93,254
63885,0,6,1,90,95
63906,1,7,39,60,255
63926,0,6,255,159,56
63969,1,7,41,89,255
63990,0,6,255,100,41
64010,1,7,38,95,16
64030,0,6,255,93,48
64071,1,7,64,81,27
64092,0,6,8,132,47
64112,1,7,53,88,48
64132,0,6,51,137,57
64173,1,7,38,66,49
64193,0,6,104,144,69
64214,1,7,36,93,80
64234,0,6,78,148,74
64257,1,7,109,47,20
64303,0,6,255,73,95
64323,1,7,222,163,255
64344,0,6,8,142,72
64364,1,7,60,94,255
64405,0,6,255,135,60
64425,1,7,122,65,33
64445,0,6,3,83,58
64467,1,7,85,63,29
64529,1,7,65,62,34
64550,0,6,9,103,61
64570,1,7,59,52,16
64655,0,6,45,54,82
64675,1,7,100,50,255
64696,0,6,15,80,92
64737,1,7,92,68,13
64757,0,6,35,89,119
64777,1,7,83,61,255
64798,0,6,18,53,110
64821,1,7,57,95,255
64846,0,6,2,78,7
64890,1,7,67,110,255
64911,0,6,82,70,23
64931,1,7,59,93,52
64951,0,6,255,108,43
64992,1,7,60,108,60
65013,0,6,35,89,62
65033,1,7,61,113,62
65053,0,6,26,110,80
65094,1,7,57,149,255
65115,0,6,8,128,101
65135,1,7,32,35,255
65155,0,6,21,128,72
65178,1,7,66,100,255
65245,1,7,44,38,255
65265,0,6,15,120,63
65326,0,6,6,113,55
65346,1,7,87,255,88
65367,0,6,28,99,58
65387,1,7,103,74,76
65428,0,6,82,38,58
65469,0,6,32,103,117
65489,1,7,49,4,37
65512,0,6,8,101,139
65556,1,7,255,143,255
65576,0,6,255,73,95
65597,1,7,69,85,255
65617,0,6,255,79,120
65658,1,7,155,69,255
65678,0,6,255,52,114
65699,1,7,38,110,61
65719,0,6,255,56,49
65760,1,7,102,69,10
65780,0,6,255,63,51
65800,1,7,73,106,33
65821,0,6,5,133,51
65844,1,7,73,75,9
65890,0,6,41,99,87
65910,1,7,53,51,10
65930,0,6,79,71,55
65951,1,7,10,55,38
65992,0,6,64,58,70
66012,1,7,255,14,96
66032,0,6,2,42,46
66052,1,7,58,121,34
66093,0,6,255,28,255
66114,1,7,31,136,24
66134,0,6,255,33,255
66154,1,7,142,114,35
66177,0,6,255,228,255
66221,1,7,102,82,255
66242,0,6,11,200,128
66282,0,6,25,64,65
66323,1,7,84,37,26
66344,0,6,28,136,69
66364,1,7,70,86,28
66384,0,6,31,89,84
66425,1,7,49,130,21
66446,0,6,32,91,105
66466,1,7,62,204,255
66486,0,6,255,117,44
66509,1,7,130,156,255
66555,0,6,22,119,68
66596,0,6,27,130,74
66616,1,7,81,179,5
66657,0,6,29,130,81
66698,0,6,27,112,74
66718,1,7,48,175,255
66782,1,7,2,149,255
66802,0,6,22,123,93
66822,1,7,5,73,255
66843,0,6,30,103,66
66913,0,6,23,122,83
66933,1,7,26,52,34
66954,0,6,21,111,75
66974,1,7,31,66,56
67015,0,6,26,115,78
67035,1,7,50,64,36
67055,0,6,18,116,81
67076,1,7,113,107,47
67099,0,6,26,116,79
67163,0,6,21,111,75
67204,0,6,22,123,76
67245,1,7,66,122,255
67265,0,6,24,131,70
67285,1,7,88,150,5
67305,0,6,34,115,72
67329,1,7,74,163,8
67395,1,7,84,202,8
67415,0,6,32,39,62
67436,1,7,103,226,11
67476,0,6,24,94,77
67497,1,7,90,209,11
67517,0,6,44,104,62
67537,1,7,134,186,255
67578,0,6,25,109,66
67599,1,7,162,147,255
67619,0,6,27,103,49
67639,1,7,156,105,1
67680,0,6,24,116,71
67700,1,7,141,98,10
67741,1,7,148,115,3
67784,0,6,22,109,76
67825,0,6,255,109,60
67845,1,7,91,91,255
67886,0,6,255,124,175
67906,1,7,60,95,11
67927,0,6,67,207,28
67947,1,7,36,37,14
67988,0,6,30,169,122
68008,1,7,73,30,255
68029,0,6,98,254,181
68049,1,7,45,5,255
68090,0,6,251,142,250
68110,1,7,255,56,255
68151,1,7,51,173,255
68214,1,7,155,252,255
68234,0,6,255,139,111
68255,1,7,101,228,102
68296,0,6,255,113,161
68316,1,7,97,130,45
68336,0,6,72,207,87
68357,1,7,69,36,255
68398,0,6,7,58,157
68418,1,7,255,255,255
68438,0,6,78,62,100
68459,1,7,233,69,253
68500,0,6,255,128,101
68520,1,7,97,145,252
68561,1,7,31,81,179
68624,1,7,37,66,29
68644,0,6,108,217,80
68664,1,7,24,85,255
68705,0,6,88,110,109
68726,1,7,89,120,255
68746,0,6,75,56,120
68766,1,7,255,63,88
68807,0,6,54,38,127
68828,1,7,118,106,42
68848,0,6,36,51,129
68868,1,7,105,111,103
68909,0,6,255,45,114
68929,1,7,119,16,74
68950,0,6,255,47,77
68970,1,7,107,170,255
68993,0,6,255,138,82
69037,1,7,50,85,255
69057,0,6,33,233,46
69078,1,7,86,120,255
69098,0,6,42,61,91
69139,1,7,23,63,46
69159,0,6,2,32,132
69180,1,7,82,42,18
69200,0,6,31,11,114
69223,1,7,95,43,23
69289,1,7,61,46,5
69330,1,7,56,69,255
69395,1,7,74,80,45
69416,0,6,53,93,115
69436,1,7,64,39,66
69479,1,7,109,14,62
69505,0,6,67,105,120
69549,1,7,64,60,72
69569,0,6,36,112,97
69589,1,7,53,131,255
69610,0,6,254,57,152
69651,1,7,95,82,255
69671,0,6,255,39,177
69692,1,7,111,81,255
69712,0,6,16,131,157
69734,1,7,72,80,38
69780,0,6,32,113,132
69801,1,7,43,50,47
69841,1,7,78,87,38
69883,0,6,255,41,54
69903,1,7,82,134,22
69923,0,6,90,113,255
69943,1,7,43,255,255
69985,0,6,253,177,152
70005,1,7,49,27,255
70045,1,7,83,56,255
70109,1,7,82,86,13
70129,0,6,30,42,108
70150,1,7,65,86,54
70170,0,6,76,46,0
70214,1,7,64,109,67
70234,0,6,85,69,255
70255,1,7,76,150,80
70275,0,6,255,106,131
70316,1,7,26,35,44
70336,0,6,8,74,49
70357,1,7,100,116,255
70377,0,6,255,112,108
70400,1,7,53,93,255
70446,0,6,12,88,83
70466,1,7,73,20,255
70487,0,6,23,102,83
70507,1,7,121,24,255
70554,1,7,92,40,255
70580,0,6,18,95,84
70624,1,7,102,85,50
70644,0,6,21,104,78
70664,1,7,79,130,68
70685,0,6,12,102,78
70726,1,7,49,112,55
70746,0,6,22,95,79
70766,1,7,252,254,254
70787,0,6,22,101,88
70810,1,7,75,37,83
70856,0,6,36,86,60
70876,1,7,30,82,2
70896,0,6,37,79,22
70917,1,7,62,81,255
70958,0,6,255,40,46
70978,1,7,43,97,51
70998,0,6,255,80,71
71018,1,7,58,76,29
71060,0,6,14,50,128
71100,0,6,76,28,91
71120,1,7,90,73,11
71162,0,6,16,102,92
71182,1,7,85,91,13
71202,0,6,23,88,18
71222,1,7,68,93,16
71245,0,6,3,109,47
71289,1,7,79,97,15
71310,0,6,15,107,83
71330,1,7,93,101,16
71350,0,6,32,138,95
71391,1,7,84,103,36
71412,0,6,33,120,116
71432,1,7,41,84,48
71452,0,6,255,26,108
71475,1,7,4,110,255
71521,0,6,88,76,111
71542,1,7,46,80,32
71562,0,6,32,91,70
71582,1,7,77,61,32
71623,0,6,28,28,79
71644,1,7,75,74,28
71664,0,6,21,78,78
71684,1,7,54,79,30
71725,0,6,22,59,83
71766,0,6,22,77,83
71786,1,7,64,75,28
71827,0,6,26,74,76
71868,0,6,23,53,82
71888,1,7,54,63,29
71911,0,6,10,93,89
71955,1,7,45,61,21
71975,0,6,20,68,83
71995,1,7,51,63,44
72016,0,6,36,45,99
72057,1,7,32,65,36
72077,0,6,21,81,93
72118,0,6,31,35,90
72183,0,6,255,154,78
72203,1,7,135,82,252
72224,0,6,16,93,51
72264,1,7,48,90,60
72284,0,6,28,104,101
72305,1,7,94,74,3
72325,0,6,22,130,120
72365,1,7,93,80,255
72386,0,6,28,96,114
72406,1,7,124,94,255
72426,0,6,255,97,74
72489,0,6,255,110,79
72509,1,7,73,109,30
72529,0,6,14,109,42
72550,1,7,5,79,35
72576,0,6,255,85,44
72620,1,7,38,54,25
72641,0,6,25,148,40
72661,1,7,85,58,42
72681,0,6,49,80,144
72722,1,7,50,47,52
72743,0,6,129,65,183
72763,1,7,22,79,40
72783,0,6,9,65,13
72806,1,7,49,89,30
72832,0,6,255,62,32
72876,1,7,117,92,255
72896,0,6,255,42,63
72937,0,6,25,71,91
72960,1,7,79,40,255
72986,0,6,39,109,111
73030,1,7,69,82,16
73050,0,6,13,111,109
73071,1,7,76,95,26
73091,0,6,21,107,141
73132,1,7,91,80,24
73152,0,6,7,73,106
73173,1,7,87,83,12
73193,0,6,30,96,71
73216,1,7,100,86,5
73242,0,6,255,68,75
73286,1,7,86,62,13
73306,0,6,255,110,103
73326,1,7,77,59,21
73370,1,7,88,75,25
73414,0,6,23,103,82
73434,1,7,83,59,44
73454,0,6,39,87,60
73474,1,7,1,144,255
73518,0,6,39,54,61
73538,1,7,26,153,104
73558,0,6,26,89,18
73579,1,7,84,81,1
73619,0,6,255,146,41
73640,1,7,76,71,24
73660,0,6,11,111,79
73680,1,7,67,67,13
73721,0,6,12,95,97
73742,1,7,95,69,255
73782,1,7,100,72,26
73823,0,6,2,106,145
73844,1,7,73,57,38
73864,0,6,8,101,111
73885,1,7,92,65,25
73907,0,6,11,134,56
73951,1,7,48,62,28
73972,0,6,57,39,75
73992,1,7,31,73,18
74012,0,6,72,54,66
74035,1,7,48,89,35
74102,1,7,99,88,27
74122,0,6,255,88,140
74142,1,7,72,65,16
74183,0,6,255,120,99
74203,1,7,75,85,18
74224,0,6,255,124,194
74244,1,7,51,76,52
74285,0,6,44,122,68
74305,1,7,52,76,10
74326,0,6,45,133,121
74346,1,7,39,75,62
74387,0,6,255,255,255
74407,1,7,111,47,255
74427,0,6,14,121,105
74448,1,7,79,22,255
74489,0,6,255,60,113
74509,1,7,86,69,255
74530,0,6,39,102,128
74573,0,6,102,34,109
74617,1,7,117,108,38
74637,0,6,65,59,82
74657,1,7,134,27,50
74677,0,6,38,134,63
74701,1,7,16,255,78
74745,0,6,254,39,101
74765,1,7,82,172,255
74785,0,6,53,99,2
74805,1,7,90,27,255
74829,0,6,35,104,78
74893,0,6,5,161,57
74913,1,7,111,47,255
74933,0,6,30,116,54
74956,1,7,43,46,90
74982,0,6,33,156,110
75027,1,7,99,45,255
75047,0,6,27,102,69
75067,1,7,104,38,6
75087,0,6,35,144,107
75110,1,7,80,30,58
75154,0,6,33,135,99
75175,1,7,96,32,50
75195,0,6,36,127,104
75215,1,7,96,33,44
75279,1,7,88,34,31
75299,0,6,27,112,85
75319,1,7,80,30,44
75360,0,6,25,121,87
75380,1,7,78,28,29
75401,0,6,15,111,61
75421,1,7,83,39,255
75462,0,6,255,123,5
75482,1,7,82,67,255
75503,0,6,42,168,22
75523,1,7,107,44,97
75586,1,7,128,122,110
75607,0,6,108,22,159
75627,1,7,244,255,18
75648,0,6,94,137,132
75692,1,7,147,50,57
75712,0,6,255,87,150
75733,1,7,48,58,255
75753,0,6,70,135,38
75776,1,7,34,255,255
75820,0,6,254,132,39
75840,1,7,42,75,86
75860,0,6,2,97,23
75904,0,6,255,54,255
75948,1,7,100,119,154
75968,0,6,115,4,57
75988,1,7,109,99,85
76009,0,6,104,51,52
76032,1,7,104,111,27
76057,0,6,10,11,199
76102,1,7,7,18,255
76122,0,6,255,22,218
76142,1,7,255,253,23
76163,0,6,21,95,41
76185,1,7,106,64,254
76229,0,6,255,107,114
76270,0,6,55,90,62
76290,1,7,93,254,255
76313,0,6,5,88,84
76357,1,7,116,88,31
76378,0,6,12,123,92
76398,1,7,92,131,77
76418,0,6,15,113,67
76441,1,7,41,135,18
76485,0,6,21,118,57
76506,1,7,32,254,255
76526,0,6,32,130,53
76546,1,7,70,66,46
76569,0,6,81,254,37
76595,1,7,54,107,46
76682,0,6,16,73,82
76702,1,7,67,15,47
76742,0,6,29,61,120
76763,1,7,62,90,40
76783,0,6,13,63,92
76803,1,7,8,25,10
76845,0,6,32,28,54
76865,1,7,115,82,255
76885,0,6,1,66,62
76906,1,7,110,63,255
76973,1,7,65,52,22
76993,0,6,58,182,255
77014,1,7,107,45,29
77034,0,6,13,158,84
77075,1,7,54,2,64
77095,0,6,255,91,200
77115,1,7,108,25,23
77136,0,6,255,73,14
77177,1,7,51,39,255
77197,0,6,28,82,86
77217,1,7,70,116,15
77238,0,6,255,96,112
77279,1,7,72,109,20
77299,0,6,28,49,62
77319,1,7,67,74,20
77340,0,6,25,81,60
77363,1,7,66,52,18
77406,0,6,38,75,56
77427,1,7,81,65,255
77447,0,6,25,88,76
77468,1,7,87,82,255
77531,1,7,120,81,255
77551,0,6,7,91,64
77571,1,7,143,74,255
77635,1,7,130,100,59
77655,0,6,9,123,64
77675,1,7,144,132,76
77757,0,6,46,170,2
77777,1,7,127,130,254
77798,0,6,64,70,12
77842,1,7,0,20,255
77862,0,6,14,254,97
77883,1,7,130,49,8
77903,0,6,43,255,124
77926,1,7,75,65,12
77970,0,6,255,86,106
77990,1,7,72,62,29
78011,0,6,255,129,90
78031,1,7,50,99,26
78054,0,6,2,60,43
78098,1,7,72,87,11
78118,0,6,28,97,85
78139,1,7,70,78,14
78159,0,6,40,80,86
78204,1,7,49,100,23
78224,0,6,72,70,83
78244,1,7,29,83,26
78265,0,6,47,116,133
78305,1,7,41,84,34
78325,0,6,255,86,149
78346,1,7,11,81,48
78406,1,7,26,135,63
78427,0,6,24,207,253
78447,1,7,118,132,10
78467,0,6,255,255,144
78508,1,7,103,100,255
78528,0,6,8,0,161
78548,1,7,107,92,22
78569,0,6,27,87,147
78591,1,7,110,92,3
78635,0,6,72,94,102
78656,1,7,112,79,32
78676,0,6,36,75,53
78696,1,7,101,74,14
78719,0,6,253,58,72
78745,1,7,27,98,255
78789,0,6,20,135,88
78810,1,7,49,55,255
78830,0,6,0,116,86
78850,1,7,254,52,29
78891,0,6,0,108,152
78912,1,7,120,31,255
78932,0,6,5,55,70
78952,1,7,167,99,37
78975,0,6,64,89,38
79019,1,7,175,143,96
79040,0,6,78,91,44
79060,1,7,156,100,91
79080,0,6,68,82,86
79103,1,7,112,61,254
79129,0,6,83,69,33
79173,1,7,64,84,255
79193,0,6,254,65,75
79214,1,7,120,86,255
79234,0,6,37,120,83
79257,1,7,129,48,53
79301,0,6,24,87,65
79321,1,7,107,64,48
79341,0,6,14,32,101
79362,1,7,43,74,10
79403,0,6,8,95,64
79423,1,7,47,56,7
79443,0,6,255,130,106
79464,1,7,119,44,255
79507,0,6,78,105,106
79527,1,7,131,104,255
79547,0,6,87,91,88
79568,1,7,26,255,99
79609,0,6,29,167,48
79629,1,7,83,192,86
79649,0,6,65,66,71
79710,0,6,255,120,97
79730,1,7,155,34,38
79750,0,6,37,116,98
79811,0,6,13,127,96
79831,1,7,54,73,28
79852,0,6,27,105,88
79872,1,7,56,53,41
79916,0,6,25,123,98
79937,1,7,56,74,29
79977,1,7,54,117,22
80039,1,7,48,84,16
80059,0,6,7,123,122
80079,1,7,82,60,255
80120,0,6,6,48,133
80161,0,6,12,28,56
80181,1,7,123,130,49
80222,0,6,42,77,0
80242,1,7,121,129,30
80263,0,6,60,155,40
80283,1,7,124,69,28
80306,0,6,29,104,66
80332,1,7,68,84,255
80376,0,6,13,79,49
80396,1,7,94,65,255
80417,0,6,0,83,58
80437,1,7,101,54,31
80460,0,6,255,65,16
80504,1,7,66,63,29
80524,0,6,20,25,44
80544,1,7,65,65,0
80565,0,6,47,6,119
80588,1,7,21,73,255
80632,0,6,13,128,213
80652,1,7,65,107,255
80673,0,6,255,81,147
80693,1,7,53,96,127
80716,0,6,6,73,110
80742,1,7,44,96,67
80786,0,6,255,53,158
80806,1,7,106,255,255
80826,0,6,31,65,124
80847,1,7,87,21,35
80888,0,6,2,63,39
80908,1,7,133,131,47
80928,0,6,14,83,7
80949,1,7,36,82,255
80971,0,6,8,72,30
80997,1,7,90,70,255
81042,0,6,10,82,39
81062,1,7,88,64,32
81082,0,6,18,97,35
81103,1,7,83,72,6
81143,0,6,44,50,27
81164,1,7,77,85,18
81184,0,6,48,15,34
81204,1,7,88,116,10
81268,1,7,62,131,14
81288,0,6,255,34,220
81309,1,7,31,110,41
81349,0,6,34,255,213
81370,1,7,255,23,58
81390,0,6,255,137,93
81410,1,7,80,61,20
81451,0,6,255,82,85
81492,0,6,0,93,122
81513,1,7,4,131,253
81553,0,6,11,98,108
81574,1,7,104,162,105
81594,0,6,43,95,68
81614,1,7,104,55,254
81637,0,6,255,80,59
81663,1,7,98,84,37
81707,0,6,38,84,32
81727,1,7,102,120,24
81768,1,7,99,94,30
81791,0,6,47,107,87
81817,1,7,84,117,46
81861,0,6,12,43,127
81881,1,7,61,84,26
81902,0,6,23,94,95
81922,1,7,54,70,42
81963,0,6,18,101,101
81983,1,7,66,124,254
82004,0,6,23,85,121
82024,1,7,73,37,255
82065,0,6,255,104,86
82085,1,7,60,64,40
82105,0,6,255,92,92
82126,1,7,85,63,18
82169,0,6,255,10,58
82189,1,7,83,82,10
82209,0,6,57,80,11
82230,1,7,42,82,34
82271,0,6,22,117,99
82291,1,7,48,57,34
82311,0,6,55,83,29
82331,1,7,54,72,26
82372,0,6,255,109,31
82393,1,7,59,75,20
82413,0,6,255,183,25
82433,1,7,61,90,23
82456,0,6,5,153,34
82482,1,7,55,71,27
82529,0,6,5,150,78
82549,1,7,44,123,34
82569,0,6,43,166,37
82590,1,7,66,123,33
82630,0,6,4,173,57
82650,1,7,25,100,7
82670,0,6,75,192,64
82691,1,7,42,93,33
82738,1,7,69,104,29
82766,0,6,27,86,85
82808,1,7,81,115,10
82828,0,6,24,68,95
82869,0,6,6,145,137
82892,1,7,55,118,30
82936,0,6,6,89,137
82956,1,7,34,100,26
82977,0,6,1,83,116
82997,1,7,21,50,255
83038,0,6,1,68,102
83058,1,7,78,75,255
83078,0,6,255,66,96
83099,1,7,106,92,32
83148,1,7,149,128,49
83214,1,7,145,205,7
83235,0,6,52,186,13
83255,1,7,85,105,255
83295,0,6,0,75,87
83316,1,7,95,54,35
83336,0,6,21,89,51
83356,1,7,82,61,32
83378,0,6,21,38,84
83404,1,7,74,71,13
83448,0,6,35,36,75
83468,1,7,80,82,15
83488,0,6,3,0,103
83508,1,7,83,85,3
83531,0,6,255,60,132
83557,1,7,50,104,12
83622,1,7,47,98,21
83643,0,6,46,37,115
83663,1,7,13,81,57
83703,0,6,53,88,115
83724,1,7,43,54,34
83744,0,6,36,77,103
83764,1,7,69,85,63
83805,0,6,22,64,70
83826,1,7,90,97,255
83846,0,6,13,96,84
83866,1,7,74,90,25
83889,0,6,255,103,72
83935,1,7,58,86,12
83956,0,6,33,51,81
83976,1,7,62,83,18
83996,0,6,20,36,105
84037,1,7,69,70,18
84057,0,6,1,71,101
84078,1,7,72,72,22
84139,1,7,67,86,8
84159,0,6,33,87,84
84180,1,7,45,94,255
84200,0,6,31,45,66
84223,1,7,54,90,255
84267,0,6,5,74,78
84287,1,7,89,94,39
84307,0,6,26,80,255
84328,1,7,88,81,80
84369,0,6,67,110,16
84389,1,7,105,88,65
84409,0,6,28,55,65
84430,1,7,119,102,27
84453,0,6,14,52,103
84499,1,7,77,38,255
84519,0,6,18,70,81
84539,1,7,255,255,255
84559,0,6,23,36,62
84601,1,7,96,93,13
84641,1,7,102,87,255
84661,0,6,26,75,70
84703,1,7,94,90,14
84723,0,6,2,70,80
84743,1,7,107,91,255
84804,1,7,114,92,15
84825,0,6,32,44,56
84845,1,7,71,117,21
84865,0,6,40,62,66
84888,1,7,61,117,34
84932,0,6,26,87,85
84953,1,7,41,83,46
84993,1,7,14,42,49
85055,1,7,58,55,55
85075,0,6,0,2,138
85118,0,6,255,123,106
85164,1,7,83,253,255
85184,0,6,255,89,94
85225,0,6,28,118,91
85288,0,6,4,89,83
85309,1,7,55,106,40
85329,0,6,18,77,53
85369,1,7,70,81,38
85410,1,7,254,23,48
85430,0,6,23,103,96
85492,0,6,2,115,205
85512,1,7,101,111,20
85533,0,6,36,106,65
85574,1,7,96,251,253
85594,0,6,254,104,130
85614,1,7,46,135,61
85635,0,6,4,61,72
85676,1,7,66,82,22
85696,0,6,255,6,76
85716,1,7,78,68,18
85737,0,6,255,54,48
85778,1,7,53,77,27
85798,0,6,255,48,255
85839,0,6,255,76,255
85880,1,7,4,81,46
85900,0,6,255,93,255
85920,1,7,255,90,45
85941,0,6,255,171,255
85963,1,7,9,141,48
86007,0,6,23,192,78
86028,1,7,60,164,34
86048,0,6,32,152,77
86068,1,7,109,137,11
86109,0,6,32,169,50
86130,1,7,109,112,3
86150,0,6,26,73,97
86170,1,7,63,90,21
86211,0,6,4,74,110
86232,1,7,21,254,34
86252,0,6,255,83,146
86272,1,7,6,68,254
86295,0,6,255,4,71
86341,1,7,23,162,255
86362,0,6,40,37,24
86382,1,7,82,128,34
86402,0,6,29,65,55
86443,1,7,80,115,63
86463,0,6,23,59,56
86484,1,7,78,131,22
86504,0,6,34,82,45
86545,1,7,65,151,7
86565,0,6,255,116,62
86606,0,6,26,112,56
86629,1,7,71,96,2
86673,0,6,39,112,31
86693,1,7,114,91,9
86714,0,6,37,116,97
86734,1,7,104,108,21
86775,0,6,38,95,53
86816,0,6,54,58,96
86836,1,7,52,101,26
86859,0,6,9,71,89
86905,1,7,67,69,29
86925,0,6,39,122,121
86945,1,7,93,92,13
86966,0,6,255,251,16
87007,1,7,57,86,255
87027,0,6,75,255,83
87047,1,7,6,96,38
87067,0,6,255,132,99
87109,1,7,36,53,23
87129,0,6,52,128,105
87149,1,7,54,77,26
87169,0,6,23,86,113
87192,1,7,62,108,255
87236,0,6,14,98,135
87257,1,7,52,123,255
87277,0,6,255,20,106
87297,1,7,255,116,38
87338,0,6,16,64,47
87359,1,7,85,74,62
87379,0,6,8,80,44
87399,1,7,149,73,59
87440,0,6,35,95,53
87461,1,7,163,85,81
87481,0,6,42,101,55
87501,1,7,96,255,253
87542,0,6,26,53,66
87562,1,7,41,94,255
87583,0,6,26,95,90
87623,1,7,146,100,39
87643,0,6,12,142,89
87664,1,7,123,58,1
87684,0,6,21,90,71
87725,1,7,66,83,3
87745,0,6,35,114,67
87765,1,7,68,79,255
87786,0,6,21,86,64
87826,1,7,87,134,255
87867,1,7,32,154,9
87928,1,7,25,54,26
87969,1,7,65,83,32
87989,0,6,21,109,62
88030,1,7,79,57,46
88050,0,6,32,55,14
88091,0,6,41,43,34
88114,1,7,51,57,20
88158,0,6,36,255,28
88178,1,7,9,26,255
88198,0,6,26,255,59
88219,1,7,255,253,74
88260,0,6,255,255,123
88280,1,7,80,76,255
88300,0,6,254,101,209
88320,1,7,95,158,255
88362,0,6,144,94,255
88382,1,7,105,171,255
88402,0,6,56,136,35
88422,1,7,112,109,36
88446,0,6,18,98,74
88512,0,6,255,144,149
88532,1,7,91,74,53
88552,0,6,22,70,82
88593,1,7,84,82,59
88614,0,6,54,74,255
88634,1,7,67,30,46
88654,0,6,8,106,123
88695,1,7,255,40,2
88716,0,6,39,73,59
88736,1,7,4,252,0
88756,0,6,2,95,97
88779,1,7,77,112,46
88823,0,6,31,63,95
88843,1,7,250,249,255
88864,0,6,30,35,104
88884,1,7,50,75,88
88925,0,6,7,52,92
88945,1,7,64,67,55
88966,0,6,255,35,106
89027,0,6,255,66,94
89048,1,7,63,69,11
89068,0,6,9,48,15
89088,1,7,89,53,20
89111,0,6,58,158,69
89157,1,7,72,57,18
89177,0,6,35,86,94
89198,1,7,50,78,26
89218,0,6,78,75,36
89259,1,7,15,92,31
89279,0,6,57,107,47
89300,1,7,255,136,61
89320,0,6,29,115,48
89361,1,7,52,180,41
89381,0,6,255,103,23
89401,1,7,116,141,56
89422,0,6,255,176,16
89465,1,7,106,73,255
89485,0,6,255,176,43
89505,1,7,57,50,255
89526,0,6,255,88,105
89567,1,7,81,47,32
89587,0,6,22,33,118
89607,1,7,64,41,36
89628,0,6,6,52,129
89668,1,7,54,36,54
89689,0,6,5,76,74
89730,0,6,42,127,22
89793,0,6,39,212,40
89813,1,7,255,54,66
89833,0,6,92,121,79
89854,1,7,46,172,71
89898,0,6,89,92,101
89919,1,7,150,201,117
89939,0,6,103,112,25
89959,1,7,157,250,255
90000,0,6,255,92,70
90021,1,7,18,8,255
90041,0,6,255,117,91
90061,1,7,3,249,22
90102,0,6,255,149,95
90122,1,7,34,23,255
90143,0,6,255,100,124
90203,0,6,22,87,91
90224,1,7,107,51,1
90244,0,6,32,70,50
90264,1,7,100,86,43
90308,0,6,40,91,46
90328,1,7,112,91,51
90349,0,6,12,118,77
90369,1,7,102,90,57
90418,1,7,88,89,52
90442,0,6,31,109,78
90512,0,6,50,114,71
90532,1,7,63,96,255
90552,0,6,47,107,28
90573,1,7,90,122,255
90614,0,6,9,106,71
90634,1,7,68,119,31
90654,0,6,30,72,95
90675,1,7,72,66,62
90740,1,7,83,63,76
90760,0,6,255,30,76
90781,1,7,60,78,22
90842,1,7,64,55,255
90862,0,6,49,194,37
90883,1,7,61,63,22
90923,0,6,100,165,77
90943,1,7,61,68,13
90964,0,6,95,82,96
90984,1,7,43,86,16
91024,0,6,114,77,107
91045,1,7,6,82,30
91065,0,6,121,89,131
91085,1,7,48,136,60
91107,0,6,104,79,129
91153,1,7,165,108,74
91194,1,7,34,174,255
91214,0,6,255,122,6
91255,1,7,55,73,48
91275,0,6,255,166,31
91296,1,7,79,56,26
91316,0,6,255,130,101
91339,1,7,70,62,21
91383,0,6,255,64,130
91403,1,7,73,69,22
91424,0,6,13,91,152
91444,1,7,72,70,20
91485,0,6,18,167,112
91505,1,7,73,64,15
91526,0,6,45,141,92
91546,1,7,76,60,14
91587,0,6,88,80,87
91607,1,7,71,75,27
91627,0,6,94,75,75
91648,1,7,69,91,24
91689,0,6,255,18,67
91729,0,6,29,120,109
91831,0,6,255,111,60
91891,0,6,13,84,31
91912,1,7,95,93,10
91932,0,6,32,79,142
91973,1,7,87,91,255
91993,0,6,255,102,146
92013,1,7,90,96,255
92075,1,7,57,68,29
92095,0,6,22,129,80
92115,1,7,50,92,49
92135,0,6,16,109,61
92176,1,7,69,77,53
92217,1,7,65,84,48
92237,0,6,32,129,57
92260,1,7,58,83,57
92304,0,6,42,41,25
92325,1,7,13,255,54
92345,0,6,13,46,82
92365,1,7,40,255,59
92406,0,6,51,55,35
92427,1,7,101,87,36
92447,0,6,255,117,96
92508,0,6,18,95,84
92528,1,7,46,53,20
92569,1,7,60,79,18
92610,0,6,0,88,101
92630,1,7,68,64,10
92651,0,6,255,75,112
92691,1,7,97,161,32
92711,0,6,255,90,124
92732,1,7,76,138,16
92752,0,6,6,36,122
92814,0,6,37,255,86
92835,1,7,100,78,24
92855,0,6,53,255,10
92916,0,6,60,74,18
92937,1,7,95,87,34
92957,0,6,13,82,55
92998,1,7,87,134,255
93018,0,6,36,78,41
93038,1,7,32,229,50
93058,0,6,255,100,51
93120,0,6,23,95,63
93140,1,7,111,75,255
93160,0,6,21,83,32
93202,1,7,122,20,255
93242,1,7,118,57,34
93263,0,6,255,21,41
93304,1,7,254,156,255
93324,0,6,30,255,83
93344,1,7,53,94,47
93364,0,6,21,100,159
93406,1,7,76,58,2
93426,0,6,255,123,174
93446,1,7,27,79,28
93467,0,6,255,78,127
93489,1,7,29,115,41
93513,0,6,2,87,116
93559,1,7,83,127,62
93580,0,6,28,52,64
93600,1,7,105,94,27
93643,1,7,100,61,21
93685,0,6,37,82,66
93705,1,7,92,147,1
93766,1,7,50,119,0
93786,0,6,27,105,31
93807,1,7,105,112,255
93827,0,6,255,124,72
93867,1,7,82,103,36
93888,0,6,38,66,36
93908,1,7,29,82,42
93929,0,6,63,105,116
93969,1,7,6,91,45
93989,0,6,255,149,183
94010,1,7,48,61,55
94030,0,6,255,78,93
94071,1,7,74,90,255
94091,0,6,31,81,90
94112,1,7,119,109,18
94132,0,6,54,85,20
94195,0,6,52,146,255
94216,1,7,45,77,30
94236,0,6,11,130,80
94277,1,7,49,75,18
94297,0,6,255,97,92
94317,1,7,95,55,7
94338,0,6,1,78,102
94379,1,7,96,70,4
94399,0,6,24,94,60
94419,1,7,79,90,11
94440,0,6,33,166,90
94481,1,7,48,96,1
94501,0,6,34,103,41
94541,0,6,45,58,72
94564,1,7,82,106,23
94588,0,6,29,91,49
94634,1,7,69,143,32
94655,0,6,34,144,82
94675,1,7,44,96,51
94695,0,6,10,61,167
94736,1,7,31,254,67
94757,0,6,54,255,153
94777,1,7,80,128,14
94797,0,6,255,51,253
94840,1,7,38,157,254
94860,0,6,146,121,8
94881,1,7,62,90,255
94901,0,6,255,162,83
94942,1,7,98,57,29
94962,0,6,13,80,93
94983,1,7,100,123,44
95003,0,6,53,52,39
95066,0,6,31,123,68
95087,1,7,108,91,40
95107,0,6,22,115,75
95147,1,7,76,84,2
95168,0,6,9,105,72
95188,1,7,60,86,1
95208,0,6,7,119,64
95230,1,7,71,109,24
95272,0,6,255,90,103
95292,1,7,49,96,48
95312,0,6,255,84,134
95353,1,7,65,79,50
95373,0,6,47,40,105
95394,1,7,70,31,59
95414,0,6,56,68,49
95454,1,7,91,160,21
95475,0,6,44,53,4
95495,1,7,63,196,255
95556,1,7,67,102,24
95576,0,6,255,104,78
95596,1,7,92,73,255
95617,0,6,23,139,110
95640,1,7,105,99,20
95682,0,6,36,71,23
95702,1,7,96,134,9
95722,0,6,255,83,30
95783,0,6,4,55,83
95803,1,7,10,95,41
95824,0,6,42,16,66
95864,1,7,30,61,30
95884,0,6,35,66,98
95925,0,6,255,106,150
95966,1,7,42,64,25
95986,0,6,255,93,136
96006,1,7,11,42,52
96026,0,6,255,155,147
96049,1,7,30,137,61
96091,0,6,107,195,71
96112,1,7,130,142,18
96132,0,6,0,106,30
96154,1,7,156,61,255
96175,0,6,255,104,21
96221,1,7,41,120,31
96262,1,7,82,98,13
96305,1,7,130,92,11
96369,1,7,93,91,255
96390,0,6,255,90,178
96410,1,7,50,122,255
96431,0,6,34,23,77
96477,1,7,61,119,255
96497,0,6,31,84,255
96518,1,7,41,130,63
96538,0,6,14,89,43
96561,1,7,46,106,116
96585,0,6,255,65,42
96633,1,7,73,92,78
96653,0,6,41,64,33
96673,1,7,67,69,15
96694,0,6,59,24,16
96715,1,7,50,46,255
96757,0,6,67,255,32
96777,1,7,255,255,7
96797,0,6,7,255,77
96838,1,7,139,20,255
96858,0,6,255,79,171
96878,1,7,129,101,255
96899,0,6,255,91,215
96939,1,7,67,95,25
96959,0,6,8,84,139
96980,1,7,31,84,15
97000,0,6,29,99,70
97041,1,7,55,129,31
97061,0,6,255,128,94
97081,1,7,72,147,20
97101,0,6,255,112,112
97124,1,7,76,86,16
97168,0,6,255,62,134
97189,1,7,101,46,43
97209,0,6,48,42,11
97229,1,7,107,85,81
97250,0,6,56,183,90
97296,1,7,61,130,254
97317,0,6,255,99,98
97337,1,7,30,82,107
97357,0,6,255,14,87
97380,1,7,73,52,7
97422,0,6,255,41,64
97442,1,7,67,67,26
97463,0,6,13,145,31
97503,1,7,36,66,50
97523,0,6,23,211,11
97544,1,7,46,67,21
97564,0,6,65,153,13
97605,1,7,39,68,255
97625,0,6,99,124,47
97666,0,6,85,103,89
97706,1,7,40,111,79
97726,0,6,83,80,86
97747,1,7,47,96,77
97767,0,6,61,80,73
97808,1,7,72,77,62
97828,0,6,16,86,57
97848,1,7,116,155,23
97869,0,6,255,57,1
97892,1,7,117,120,254
97916,0,6,26,198,255
97962,1,7,80,63,254
97982,0,6,255,164,91
98003,1,7,95,73,73
98023,0,6,33,71,137
98046,1,7,52,48,16
98088,0,6,54,143,83
98108,1,7,66,71,61
98169,1,7,42,112,255
98189,0,6,22,73,255
98210,1,7,81,255,32
98230,0,6,26,122,71
98270,1,7,44,254,2
98291,0,6,255,103,83
98332,0,6,10,124,88
98394,0,6,2,110,97
98414,1,7,85,114,7
98434,0,6,34,108,120
98497,0,6,35,71,89
98518,1,7,50,132,80
98538,0,6,42,75,51
98578,1,7,23,121,75
98619,1,7,255,104,253
98639,0,6,0,107,93
98680,1,7,245,64,254
98700,0,6,255,100,77
98720,1,7,88,149,101
98740,0,6,9,110,62
98781,1,7,107,72,254
98802,0,6,4,97,78
98822,1,7,97,52,22
98842,0,6,29,102,89
98883,1,7,83,84,22
98903,0,6,93,10,86
98924,1,7,57,85,22
98944,0,6,255,31,85
98967,1,7,74,87,31
98991,0,6,255,108,102
99037,1,7,85,74,27
99057,0,6,255,78,199
99077,1,7,71,75,39
99098,0,6,72,176,48
99121,1,7,39,68,36
99163,0,6,253,85,145
99183,1,7,33,102,27
99203,0,6,255,253,189
99244,1,7,76,68,16
99264,0,6,7,120,91
99285,1,7,27,84,22
99305,0,6,255,95,100
99345,1,7,58,69,14
99366,0,6,35,78,122
99386,1,7,63,74,18
99406,0,6,11,57,93
99469,0,6,32,80,49
99489,1,7,47,96,30
99510,0,6,18,93,68
99530,1,7,254,255,31
99573,0,6,13,74,77
99593,1,7,5,33,255
99613,0,6,1,72,76
99654,1,7,54,95,255
99674,0,6,44,76,49
99694,1,7,102,172,81
99714,0,6,49,152,65
99755,1,7,183,253,74
99795,1,7,57,129,255
99816,0,6,254,9,131
99856,1,7,101,79,255
99877,0,6,43,95,69
99897,1,7,102,81,25
99958,1,7,109,79,24
99979,0,6,23,99,78
99999,1,7,99,81,31
100062,1,7,71,93,255
100103,1,7,32,90,13
100123,0,6,26,136,46
100164,1,7,27,20,66
100184,0,6,52,13,2
100205,1,7,86,33,12
100225,0,6,255,23,35
100266,1,7,63,62,53
100286,0,6,70,255,141
100307,1,7,30,56,36
100327,0,6,253,136,168
100368,1,7,34,71,20
100388,0,6,22,79,61
100429,0,6,18,115,113
100474,1,7,59,102,33
100514,1,7,54,115,51
100535,0,6,24,39,164
100575,1,7,68,210,250
100595,0,6,255,255,47
100616,1,7,78,104,93
100636,0,6,54,40,255
100676,1,7,50,255,253
100697,0,6,255,116,75
100717,1,7,36,255,5
100737,0,6,8,91,87
100777,1,7,84,44,255
100798,0,6,23,116,100
100818,1,7,99,90,255
100838,0,6,42,99,78
100861,1,7,122,150,49
100903,0,6,64,119,69
100924,1,7,109,196,86
100944,0,6,38,77,70
100984,1,7,8,85,254
101005,0,6,255,64,100
101025,1,7,117,60,255
101045,0,6,255,84,93
101106,0,6,35,77,64
101126,1,7,143,52,42
101146,0,6,43,77,77
101187,1,7,92,91,60
101208,0,6,40,58,98
101228,1,7,255,117,36
101248,0,6,255,255,140
101291,1,7,255,111,5
101311,0,6,255,101,112
101332,1,7,81,68,26
101352,0,6,255,107,116
101393,1,7,84,60,255
101413,0,6,24,105,130
101434,1,7,115,75,26
101454,0,6,37,84,113
101495,1,7,73,97,41
101515,0,6,25,81,101
101536,1,7,255,99,73
101556,0,6,15,105,85
101598,1,7,164,66,254
101618,0,6,255,102,64
101638,1,7,42,82,88
101658,0,6,11,71,30
101681,1,7,82,71,4
101723,0,6,9,98,45
101743,1,7,70,77,5
101804,1,7,78,71,7
101824,0,6,255,95,116
101844,1,7,86,79,10
101905,1,7,70,88,255
101925,0,6,55,116,116
101946,1,7,84,127,255
101966,0,6,27,93,40
102007,1,7,53,95,255
102027,0,6,24,83,16
102047,1,7,30,28,32
102068,0,6,0,103,100
102108,1,7,67,41,101
102129,0,6,14,79,86
102149,1,7,127,87,92
102169,0,6,35,109,76
102233,0,6,2,115,84
102253,1,7,81,30,45
102274,0,6,24,67,69
102314,1,7,52,253,254
102335,0,6,12,92,70
102355,1,7,95,72,255
102375,0,6,16,91,55
102416,1,7,56,86,42
102457,1,7,91,140,65
102477,0,6,25,94,95
102518,1,7,113,102,54
102538,0,6,12,84,121
102559,1,7,94,81,18
102579,0,6,27,67,76
102602,1,7,95,75,255
102644,0,6,20,61,78
102665,1,7,81,254,255
102685,0,6,15,85,87
102726,1,7,41,96,5
102746,0,6,29,81,80
102766,1,7,253,255,55
102786,0,6,26,66,77
102850,0,6,23,77,73
102870,1,7,62,62,255
102890,0,6,15,95,77
102911,1,7,88,71,255
102952,0,6,9,102,81
102972,1,7,88,93,255
103013,1,7,96,92,255
103054,0,6,34,38,89
103074,1,7,92,93,30
103094,0,6,36,77,76
103155,0,6,21,107,113
103176,1,7,65,145,65
103267,1,7,21,55,255
103310,0,6,11,99,89
103330,1,7,80,255,5
103350,0,6,1,94,98
103391,1,7,114,95,10
103411,0,6,255,71,109
103431,1,7,83,62,11
103452,0,6,255,59,97
103495,0,6,24,71,53
103543,1,7,65,79,22
103564,0,6,73,98,38
103584,1,7,62,73,21
103604,0,6,64,130,81
103646,1,7,57,78,14
103666,0,6,48,109,65
103686,1,7,47,85,30
103707,0,6,29,102,69
103747,1,7,25,94,39
103767,0,6,10,95,57
103788,1,7,13,114,53
103831,1,7,26,144,37
103873,0,6,14,92,255
103893,1,7,49,145,43
103954,1,7,72,134,41
103974,0,6,37,106,50
103995,1,7,108,132,255
104015,0,6,34,214,87
104055,1,7,146,80,255
104076,0,6,255,39,142
104096,1,7,84,85,255
104157,1,7,71,85,22
104177,0,6,255,77,106
104197,1,7,92,72,41
104218,0,6,34,76,109
104259,1,7,78,63,38
104279,0,6,79,70,124
104299,1,7,35,63,30
104320,0,6,105,155,254
104343,1,7,54,75,0
104385,0,6,255,97,148
104405,1,7,50,79,255
104425,0,6,255,100,116
104466,1,7,23,87,36
104486,0,6,20,115,142
104506,1,7,27,1,48
104526,0,6,28,84,131
104567,1,7,28,37,28
104587,0,6,10,48,118
104607,1,7,60,60,7
104628,0,6,18,56,60
104668,1,7,82,134,30
104689,0,6,33,33,53
104709,1,7,122,231,7
104752,1,7,115,104,255
104794,0,6,255,80,57
104815,1,7,97,62,255
104835,0,6,22,97,73
104875,1,7,94,65,34
104896,0,6,14,88,81
104916,1,7,82,64,34
104936,0,6,255,80,107
104977,1,7,77,71,26
104997,0,6,255,67,114
105017,1,7,90,56,49
105038,0,6,92,86,75
105078,1,7,69,67,255
105098,0,6,65,94,72
105119,1,7,63,74,18
105139,0,6,31,172,26
105162,1,7,46,79,39
105204,0,6,255,114,146
105224,1,7,29,87,12
105245,0,6,255,7,166
105285,1,7,75,73,18
105305,0,6,255,100,96
105326,1,7,75,63,25
105386,1,7,60,60,51
105407,0,6,38,77,97
105427,1,7,60,62,31
105447,0,6,7,87,103
105488,1,7,48,97,6
105508,0,6,21,97,71
105528,1,7,49,120,33
105549,0,6,255,82,70
105572,1,7,59,115,12
105614,0,6,6,79,71
105634,1,7,87,50,255
105654,0,6,255,72,80
105675,1,7,73,71,43
105716,0,6,22,63,71
105736,1,7,97,77,36
105756,0,6,42,83,60
105797,1,7,79,56,51
105817,0,6,54,117,71
105837,1,7,121,199,44
105858,0,6,55,86,55
105920,0,6,3,47,38
105940,1,7,55,73,57
105960,0,6,3,103,66
106022,0,6,3,109,94
106042,1,7,81,73,24
106062,0,6,29,64,77
106083,1,7,74,88,35
106125,0,6,10,102,60
106146,1,7,82,80,2
106166,0,6,5,103,97
106206,1,7,55,82,21
106227,0,6,44,82,90
106247,1,7,63,87,20
106268,0,6,35,41,98
106329,0,6,255,86,122
106350,1,7,70,80,25
106370,0,6,255,102,121
106411,1,7,71,75,18
106431,0,6,255,139,59
106451,1,7,59,73,30
106471,0,6,36,241,52
106493,1,7,70,72,21
106535,0,6,254,254,254
106555,1,7,51,80,255
106576,0,6,26,47,96
106616,1,7,60,73,0
106636,0,6,14,79,94
106657,1,7,109,83,255
106677,0,6,42,112,75
106717,1,7,104,105,255
106758,1,7,50,112,23
106778,0,6,20,113,73
106819,1,7,70,56,41
106839,0,6,18,102,72
106859,1,7,123,90,82
106880,0,6,22,106,66
106921,1,7,88,109,74
106941,0,6,28,88,58
106961,1,7,82,121,32
106982,0,6,29,90,62
107025,1,7,53,86,22
107045,0,6,27,103,69
107065,1,7,255,254,255
107086,0,6,13,117,91
107126,1,7,255,255,14
107147,0,6,24,119,70
107167,1,7,38,7,255
107187,0,6,15,108,65
107228,1,7,179,96,255
107249,0,6,9,67,54
107269,1,7,64,95,22
107289,0,6,255,107,90
107330,1,7,66,82,3
107351,0,6,255,74,96
107371,1,7,61,86,27
107391,0,6,255,86,82
107455,0,6,14,95,68
107475,1,7,61,90,25
107495,0,6,46,98,105
107556,0,6,59,69,102
107577,1,7,73,95,22
107597,0,6,62,62,80
107638,1,7,68,81,23
107658,0,6,25,87,74
107679,1,7,77,62,22
107740,1,7,79,62,24
107760,0,6,255,20,68
107781,1,7,49,102,28
107824,1,7,67,72,15
107866,0,6,0,255,130
107886,1,7,55,76,255
107907,0,6,6,91,80
107947,1,7,71,74,255
107968,0,6,37,111,57
107988,1,7,76,80,255
108008,0,6,39,39,97
108049,1,7,57,92,255
108069,0,6,24,112,63
108089,1,7,88,119,36
108109,0,6,0,128,78
108150,1,7,110,93,71
108170,0,6,24,107,72
108191,1,7,90,106,58
108211,0,6,18,102,61
108234,1,7,49,95,46
108276,0,6,25,84,63
108296,1,7,30,85,28
108316,0,6,28,68,254
108336,1,7,255,16,255
108377,0,6,68,11,5
108398,1,7,255,255,2
108418,0,6,3,47,198
108458,1,7,174,253,1
108479,0,6,44,77,149
108499,1,7,127,97,255
108519,0,6,255,153,66
108560,1,7,87,115,61
108580,0,6,42,107,48
108600,1,7,76,64,255
108621,0,6,15,75,46
108661,1,7,100,84,41
108682,0,6,22,47,89
108702,1,7,102,60,9
108745,1,7,95,73,26
108787,0,6,255,112,148
108807,1,7,58,82,10
108828,0,6,255,92,153
108868,1,7,46,80,37
108889,0,6,255,65,153
108909,1,7,46,96,31
108929,0,6,24,29,106
108951,1,7,85,90,43
108973,0,6,31,62,40
109021,1,7,200,100,14
109041,0,6,23,87,26
109062,1,7,72,88,255
109082,0,6,28,73,77
109123,1,7,76,63,26
109143,0,6,255,109,56
109163,1,7,86,79,37
109184,0,6,34,127,71
109225,1,7,86,74,15
109245,0,6,28,107,93
109265,1,7,88,79,11
109286,0,6,22,119,91
109309,1,7,86,78,23
109454,0,6,22,108,88
109475,1,7,82,76,18
109495,0,6,20,113,84
109597,0,6,26,113,82
109658,0,6,27,121,88
109679,1,7,82,76,23
109699,0,6,27,124,86
109760,0,6,24,112,84
109780,1,7,72,67,13
109800,0,6,24,128,92
109821,1,7,87,63,24
109862,0,6,23,106,85
109883,1,7,81,59,9
109903,0,6,20,108,82
109943,1,7,88,57,28
109964,0,6,15,139,93
109984,1,7,89,59,12
110004,0,6,6,123,66
110045,1,7,107,56,15
110065,0,6,26,71,67
110085,1,7,106,53,21
110106,0,6,11,74,100
110146,1,7,82,60,29
110166,0,6,43,94,120
110187,1,7,49,56,31
110207,0,6,23,85,111
110230,1,7,61,49,35
110272,0,6,37,65,94
110292,1,7,67,44,36
110320,0,6,20,46,97
110340,1,7,76,51,26
110361,0,6,30,13,77
110424,0,6,38,40,76
110445,1,7,67,59,15
110465,0,6,33,40,79
110506,1,7,75,65,13
110567,0,6,23,44,94
110608,1,7,26,255,69
110628,0,6,23,111,82
110649,1,7,4,89,24
110669,0,6,53,53,58
110710,1,7,47,62,2
110730,0,6,255,112,98
110750,1,7,111,81,3
110770,0,6,30,72,72
110834,0,6,22,116,57
110854,1,7,122,58,255
110895,1,7,21,102,255
110958,1,7,252,255,255
110978,0,6,255,82,93
111018,1,7,150,249,21
111039,0,6,25,59,90
111059,1,7,124,8,81
111079,0,6,82,100,31
111120,1,7,131,111,222
111140,0,6,46,123,128
111161,1,7,151,82,143
111181,0,6,74,169,49
111221,1,7,90,117,91
111242,0,6,255,254,94
111262,1,7,249,253,253
111282,0,6,20,143,44
111305,1,7,183,16,123
111347,0,6,255,76,49
111367,1,7,90,40,255
111388,0,6,31,130,119
111490,0,6,72,69,30
111530,1,7,93,193,56
111551,0,6,50,81,33
111571,1,7,110,127,255
111591,0,6,255,108,133
111632,1,7,27,44,255
111652,0,6,1,89,56
111672,1,7,29,60,255
111693,0,6,3,105,27
111715,1,7,54,75,38
111757,0,6,39,104,10
111777,1,7,73,54,83
111798,0,6,50,99,48
111838,1,7,63,255,85
111858,0,6,73,255,100
111879,1,7,70,35,27
111899,0,6,16,67,112
111939,1,7,0,106,254
111980,1,7,23,50,255
112000,0,6,255,67,113
112041,1,7,20,150,73
112061,0,6,25,84,88
112081,1,7,77,103,21
112102,0,6,23,85,94
112124,1,7,141,80,28
112167,0,6,20,90,111
112187,1,7,101,108,3
112207,0,6,255,98,73
112247,1,7,111,47,13
112268,0,6,255,119,39
112288,1,7,98,45,23
112308,0,6,255,131,71
112371,0,6,27,82,94
112391,1,7,59,56,20
112411,0,6,95,85,77
112452,1,7,37,64,23
112472,0,6,64,84,74
112492,1,7,41,72,25
112513,0,6,58,110,64
112534,1,7,37,86,42
112556,0,6,20,103,38
112626,0,6,255,99,255
112647,1,7,149,83,253
112667,0,6,14,150,255
112707,1,7,45,105,61
112728,0,6,254,204,169
112748,1,7,81,76,255
112768,0,6,1,56,97
112810,1,7,79,76,20
112830,0,6,34,85,137
112871,0,6,255,113,119
112932,0,6,32,45,140
112952,1,7,54,114,255
112973,0,6,255,30,71
113014,1,7,93,28,255
113034,0,6,20,74,255
113075,0,6,45,128,16
113116,1,7,152,231,7
113157,1,7,69,206,25
113178,0,6,13,81,98
113200,1,7,82,45,6
113222,0,6,24,96,94
113270,1,7,71,75,15
113290,0,6,26,84,78
113310,1,7,108,70,14
113331,0,6,36,35,68
113371,1,7,100,65,21
113392,0,6,23,36,101
113412,1,7,67,69,22
113432,0,6,28,67,116
113455,1,7,73,70,20
113497,0,6,24,76,113
113518,1,7,67,69,18
113538,0,6,33,21,107
113578,1,7,71,71,12
113599,0,6,27,52,103
113639,0,6,39,53,102
113680,1,7,75,68,28
113700,0,6,11,67,106
113720,1,7,117,65,27
113741,0,6,23,65,95
113781,1,7,137,52,27
113801,0,6,34,71,102
113822,1,7,113,53,21
113842,0,6,22,103,59
113906,0,6,12,113,81
113926,1,7,106,55,26
113946,0,6,22,90,85
113987,1,7,127,68,29
114028,1,7,121,68,26
114089,1,7,107,71,21
114109,0,6,18,99,88
114130,1,7,106,65,22
114150,0,6,21,107,93
114191,1,7,113,62,24
114211,0,6,18,129,97
114231,1,7,111,65,23
114252,0,6,25,86,100
114275,1,7,120,68,26
114297,0,6,25,109,109
114345,1,7,109,63,21
114365,0,6,28,113,143
114406,0,6,10,108,131
114447,1,7,71,85,10
114467,0,6,3,102,98
114487,1,7,134,88,44
114508,0,6,29,119,41
114531,1,7,172,137,61
114552,0,6,15,101,64
114600,1,7,88,73,255
114621,0,6,15,101,84
114641,1,7,89,108,40
114661,0,6,21,123,92
114703,1,7,95,95,21
114723,0,6,51,138,82
114743,1,7,96,85,15
114764,0,6,43,145,75
114827,0,6,35,138,84
114867,0,6,33,132,83
114908,1,7,89,99,22
114969,0,6,14,153,102
115032,0,6,25,138,93
115053,1,7,117,61,20
115073,0,6,70,103,37
115113,1,7,107,81,20
115154,1,7,69,77,14
115216,1,7,80,68,18
115236,0,6,253,251,83
115256,1,7,109,67,18
115277,0,6,65,110,82
115318,1,7,97,73,18
115358,1,7,106,71,20
115379,0,6,13,132,120
115420,1,7,98,65,21
115440,0,6,21,118,116
115461,1,7,104,64,20
115481,0,6,25,107,100
115522,1,7,100,68,20
115542,0,6,21,116,112
115583,0,6,24,118,113
115606,1,7,106,73,22
115628,0,6,24,115,111
115676,1,7,103,84,23
115696,0,6,30,129,117
115716,1,7,115,75,28
115737,0,6,23,120,102
115777,1,7,98,75,16
115798,0,6,23,115,106
115818,1,7,106,69,22
115838,0,6,27,121,113
115862,1,7,110,68,20
115883,0,6,28,118,119
115931,1,7,114,68,23
115952,0,6,28,119,114
115972,1,7,108,71,22
115992,0,6,24,115,113
116015,1,7,108,71,22
116056,0,6,28,120,117
116076,1,7,113,65,22
116137,1,7,111,68,22
116158,0,6,26,118,114
116178,1,7,111,67,21
116239,1,7,105,72,21
116259,0,6,25,119,112
116280,1,7,105,70,21
116300,0,6,26,115,113
116341,1,7,106,69,20
116361,0,6,26,118,114
116382,1,7,107,73,22
116443,1,7,106,68,22
116463,0,6,25,116,110
116484,1,7,103,68,22
116504,0,6,25,118,111
116527,1,7,107,63,23
116549,0,6,26,119,112
116597,1,7,106,65,21
116617,0,6,26,118,114
116638,1,7,103,71,23
116658,0,6,28,118,115
116681,1,7,106,63,23
116703,0,6,27,129,116
116751,1,7,112,57,20
116771,0,6,26,117,114
116791,1,7,119,61,22
116812,0,6,22,118,116
116853,1,7,98,59,255
116873,0,6,14,118,96
116893,1,7,85,59,14
116937,1,7,29,54,53
116959,0,6,40,73,89
117006,1,7,34,76,57
117047,1,7,129,139,38
117067,0,6,18,39,97
117109,1,7,198,182,10
117129,0,6,10,45,92
117149,1,7,98,101,11
117170,0,6,21,48,95
117212,1,7,88,121,29
117233,0,6,21,100,97
117253,1,7,88,120,28
117273,0,6,21,93,106
117337,0,6,21,56,99
117357,1,7,95,101,22
117377,0,6,22,84,103
117418,1,7,88,83,18
117458,1,7,99,68,27
117479,0,6,13,71,115
117500,1,7,109,51,22
117540,0,6,18,56,168
117561,1,7,108,64,21
117581,0,6,24,63,86
117642,0,6,41,84,32
117684,0,6,255,84,111
117724,1,7,95,58,22
117745,0,6,23,85,97
117765,1,7,97,60,20
117785,0,6,20,118,100
117826,1,7,97,62,20
117846,0,6,24,106,99
117867,1,7,86,60,16
117887,0,6,16,97,97
117910,1,7,72,64,14
117950,0,6,6,110,95
117970,1,7,90,62,4
117991,0,6,255,111,96
118032,1,7,73,87,255
118052,0,6,9,87,53
118072,1,7,54,104,49
118093,0,6,62,75,45
118134,1,7,82,103,46
118154,0,6,67,51,59
118174,1,7,141,94,44
118195,0,6,33,85,123
118236,1,7,148,108,255
118256,0,6,30,66,198
118276,1,7,90,107,49
118296,0,6,255,87,124
118337,1,7,88,88,254
118358,0,6,9,135,113
118378,1,7,78,112,43
118398,0,6,13,51,66
118421,1,7,88,91,30
118462,0,6,29,74,79
118482,1,7,84,100,16
118502,0,6,25,75,82
118543,1,7,94,104,23
118584,1,7,120,83,255
118604,0,6,255,89,158
118668,0,6,255,39,157
118688,1,7,81,156,44
118708,0,6,47,33,78
118749,1,7,255,107,69
118769,0,6,49,33,27
118789,1,7,22,58,92
118831,1,7,138,24,255
118892,1,7,79,59,123
118953,1,7,117,72,13
119014,0,6,16,96,103
119055,1,7,99,61,24
119075,0,6,27,95,87
119116,0,6,22,106,97
119157,1,7,98,53,23
119177,0,6,25,114,91
119198,1,7,98,53,23
119259,1,7,92,58,22
119279,0,6,22,114,89
119299,1,7,95,54,24
119320,0,6,22,115,88
119343,1,7,96,55,25
119365,0,6,22,119,94
119413,1,7,89,57,22
119433,0,6,23,117,87
119453,1,7,93,56,23
119474,0,6,24,115,85
119496,1,7,95,55,23
119537,0,6,23,121,90
119557,1,7,92,56,21
119577,0,6,23,115,88
119618,1,7,93,57,22
119639,0,6,20,119,87
119659,1,7,97,52,21
119679,0,6,12,121,87
119720,1,7,88,61,24
119741,0,6,36,120,93
119761,1,7,96,56,16
119781,0,6,48,130,90
119822,1,7,103,47,23
119842,0,6,22,133,78
119863,1,7,74,45,36
119883,0,6,32,143,69
119906,1,7,92,48,2
119946,0,6,255,120,77
119967,1,7,51,60,255
119987,0,6,25,108,68
120028,1,7,35,69,63
120048,0,6,123,44,71
120069,1,7,13,105,113
